Time	Gly(C2wo)	increasing(KH)	Time	wC2(C2wo)	increasing(KH)	Time	C2(C2wo)	increasing(KH)
24.00417	0.22898	172.31931	24.00417	67.91105	113.00472	24.00417	108.54449	109.95862
24.17083	0.23114	173.52367	24.17083	68.23029	113.76347	24.17083	107.88923	109.33099
24.3375	0.23333	174.74036	24.3375	68.5491	114.52139	24.3375	107.25174	108.72164
24.50417	0.23553	175.96758	24.50417	68.86682	115.27923	24.50417	106.63266	108.13072
24.67083	0.23775	177.20589	24.67083	69.18408	116.03706	24.67083	106.0308	107.55746
24.8375	0.23999	178.45515	24.8375	69.50021	116.79499	24.8375	105.44621	107.00147
25.00417	0.24225	179.71456	25.00417	69.81561	117.553	25.00417	104.87809	106.46207
25.17083	0.24452	180.98498	25.17083	70.13029	118.31093	25.17083	104.32625	105.93961
25.3375	0.24681	182.26461	25.3375	70.44429	119.06886	25.3375	103.79052	105.43305
25.50417	0.24911	183.55496	25.50417	70.75734	119.82696	25.50417	103.2697	104.94154
25.67083	0.25143	184.85602	25.67083	71.06981	120.58507	25.67083	102.76442	104.46549
25.8375	0.25377	186.16598	25.8375	71.3815	121.3441	25.8375	102.27361	104.00462
26.00417	0.25612	187.48463	26.00417	71.69274	122.1023	26.00417	101.79737	103.55765
26.17083	0.25849	188.81305	26.17083	72.00298	122.86151	26.17083	101.33534	103.12485
26.3375	0.26087	190.15195	26.3375	72.31241	123.62072	26.3375	100.88676	102.70617
26.50417	0.26327	191.49852	26.50417	72.62147	124.38012	26.50417	100.45177	102.30079
26.67083	0.26568	192.85463	26.67083	72.92943	125.1385	26.67083	100.02992	101.90835
26.8375	0.26811	194.21934	26.8375	73.23709	125.89891	26.8375	99.62044	101.5289
27.00417	0.27055	195.59266	27.00417	73.54398	126.65849	27.00417	99.2238	101.16164
27.17083	0.27301	196.97319	27.17083	73.85009	127.41899	27.17083	98.83908	100.80636
27.3375	0.27548	198.36319	27.3375	74.15546	128.17866	27.3375	98.46652	100.46312
27.50417	0.27796	199.76156	27.50417	74.46053	128.93943	27.50417	98.10576	100.13203
27.67083	0.28046	201.16853	27.67083	74.7645	129.7002	27.67083	97.75588	99.81151
27.8375	0.28297	202.58233	27.8375	75.06812	130.46199	27.8375	97.41743	99.50247
28.00417	0.28549	204.00482	28.00417	75.37132	131.22396	28.00417	97.08956	99.20406
28.17083	0.28803	205.4353	28.17083	75.67343	131.9851	28.17083	96.7727	98.9163
28.3375	0.29058	206.87227	28.3375	75.97522	132.74808	28.3375	96.46607	98.63844
28.50417	0.29315	208.31826	28.50417	76.27629	133.51023	28.50417	96.16946	98.37108
28.67083	0.29573	209.77044	28.67083	76.57666	134.27257	28.67083	95.88255	98.11298
28.8375	0.29832	211.23163	28.8375	76.87664	135.03683	28.8375	95.60565	97.86499
29.00417	0.30092	212.69954	29.00417	77.1758	135.79906	29.00417	95.34071	97.62872
29.17083	0.30352	214.16786	29.17083	77.47039	136.53423	29.17083	94.94237	97.25654
29.3375	0.30586	215.46976	29.3375	77.71822	137.18587	29.3375	92.96202	95.24688
29.50417	0.30774	216.49768	29.50417	77.87204	137.70724	29.50417	88.15559	90.30399
29.67083	0.30912	217.27894	29.67083	77.90902	138.03846	29.67083	82.39362	84.37774
29.8375	0.31001	217.85495	29.8375	77.82535	138.15769	29.8375	78.52043	80.43421
30.00417	0.31049	218.25725	30.00417	77.63224	138.08262	30.00417	76.98512	78.94149
30.17083	0.31062	218.5205	30.17083	77.34476	137.84626	30.17083	76.62918	78.69001
30.3375	0.31049	218.69188	30.3375	76.97712	137.47747	30.3375	76.60743	78.79633
30.50417	0.31018	218.81711	30.50417	76.54062	136.99638	30.50417	76.65337	78.98194
30.67083	0.30977	218.93887	30.67083	76.0444	136.41828	30.67083	76.71792	79.19497
30.8375	0.30931	219.09598	30.8375	75.49773	135.75907	30.8375	76.79373	79.42749
31.00417	0.30888	219.32086	31.00417	74.90862	135.03181	31.00417	76.87908	79.67777
31.17083	0.30852	219.6509	31.17083	74.28322	134.24902	31.17083	76.97301	79.94477
31.3375	0.30829	220.10903	31.3375	73.62819	133.42127	31.3375	77.07494	80.22704
31.50417	0.30822	220.72289	31.50417	72.94899	132.56005	31.50417	77.18421	80.52489
31.67083	0.30836	221.50959	31.67083	72.25058	131.67348	31.67083	77.30036	80.83735
31.8375	0.30872	222.48635	31.8375	71.53781	130.76999	31.8375	77.42353	81.16434
32.00417	0.30934	223.66342	32.00417	70.81448	129.85826	32.00417	77.55312	81.50509
32.17083	0.31022	225.04481	32.17083	70.08449	128.94553	32.17083	77.68927	81.8599
32.3375	0.31137	226.63248	32.3375	69.35032	128.03954	32.3375	77.8316	82.22793
32.50417	0.3128	228.41997	32.50417	68.61591	127.1471	32.50417	77.97973	82.60928
32.67083	0.31448	230.39752	32.67083	67.88328	126.27299	32.67083	78.13428	83.00372
32.8375	0.3164	232.55143	32.8375	67.15439	125.42393	32.8375	78.29444	83.41139
33.00417	0.31855	234.86211	33.00417	66.43245	124.60442	33.00417	78.46069	83.83139
33.17083	0.32089	237.30618	33.17083	65.71829	123.81906	33.17083	78.63277	84.26441
33.3375	0.3234	239.86098	33.3375	65.01439	123.07338	33.3375	78.81049	84.71051
33.50417	0.32603	242.49861	33.50417	64.32217	122.36976	33.50417	78.99427	85.16881
33.67083	0.32876	245.19019	33.67083	63.64247	121.71354	33.67083	79.18357	85.63999
33.8375	0.33155	247.90706	33.8375	62.97733	121.10602	33.8375	79.37892	86.12412
34.00417	0.33435	250.61958	34.00417	62.32754	120.54966	34.00417	79.58037	86.62099
34.17083	0.33714	253.30155	34.17083	61.6947	120.04752	34.17083	79.78714	87.13032
34.3375	0.33988	255.92521	34.3375	61.07918	119.60069	34.3375	80.00014	87.65305
34.50417	0.34254	258.46776	34.50417	60.48251	119.21037	34.50417	80.21906	88.18842
34.67083	0.34508	260.90748	34.67083	59.90511	118.87776	34.67083	80.44361	88.73715
34.8375	0.34749	263.22591	34.8375	59.34808	118.60193	34.8375	80.67441	89.2992
35.00417	0.34975	265.40679	35.00417	58.81183	118.3838	35.00417	80.91122	89.87396
35.17083	0.35183	267.436	35.17083	58.29709	118.22265	35.17083	81.15397	90.46251
35.3375	0.35373	269.3056	35.3375	57.80412	118.11809	35.3375	81.4025	91.06424
35.50417	0.35544	271.00786	35.50417	57.3338	118.06838	35.50417	81.65707	91.67925
35.67083	0.35695	272.53751	35.67083	56.88602	118.07159	35.67083	81.91742	92.30735
35.8375	0.35825	273.89301	35.8375	56.46108	118.12652	35.8375	82.18385	92.94927
36.00417	0.35935	275.07401	36.00417	56.05868	118.23105	36.00417	82.45599	93.60369
36.17083	0.36025	276.08069	36.17083	55.67917	118.38242	36.17083	82.73349	94.27117
36.3375	0.36095	276.91909	36.3375	55.32254	118.57759	36.3375	83.01691	94.95095
36.50417	0.36147	277.59128	36.50417	54.98824	118.81518	36.50417	83.30534	95.64267
36.67083	0.36179	278.10632	36.67083	54.67606	119.0905	36.67083	83.59889	96.34625
36.8375	0.36194	278.46704	36.8375	54.38534	119.40142	36.8375	83.89757	97.06077
37.00417	0.36192	278.68342	37.00417	54.11619	119.74398	37.00417	84.20068	97.78616
37.17083	0.36175	278.76172	37.17083	53.86734	120.11608	37.17083	84.508	98.52061
37.3375	0.36142	278.7104	37.3375	53.63907	120.51356	37.3375	84.81885	99.26491
37.50417	0.36095	278.53684	37.50417	53.42994	120.93459	37.50417	85.13367	100.01631
37.67083	0.36034	278.24914	37.67083	53.23997	121.37318	37.67083	85.45109	100.77478
37.8375	0.35962	277.85597	37.8375	53.06842	121.82831	37.8375	85.77071	101.5393
38.00417	0.35878	277.36527	38.00417	52.91419	122.29686	38.00417	86.09233	102.30715
38.17083	0.35784	276.78307	38.17083	52.77725	122.77495	38.17083	86.41508	103.07912
38.3375	0.3568	276.11881	38.3375	52.65661	123.26048	38.3375	86.73833	103.85154
38.50417	0.35567	275.37871	38.50417	52.55146	123.75142	38.50417	87.06121	104.62522
38.67083	0.35445	274.56823	38.67083	52.46187	124.24389	38.67083	87.3829	105.39651
38.8375	0.35316	273.69475	38.8375	52.38745	124.7378	38.8375	87.70283	106.16442
39.00417	0.3518	272.7656	39.00417	52.32721	125.2293	39.00417	88.0197	106.92706
39.17083	0.35038	271.78326	39.17083	52.28095	125.71818	39.17083	88.33312	107.68345
39.3375	0.34891	270.7547	39.3375	52.24896	126.20244	39.3375	88.6418	108.42993
39.50417	0.34738	269.68784	39.50417	52.23057	126.68133	39.50417	88.94503	109.16553
39.67083	0.34581	268.58344	39.67083	52.22602	127.1555	39.67083	89.24132	109.88838
39.8375	0.34421	267.45111	39.8375	52.23557	127.62412	39.8375	89.52986	110.59661
40.00417	0.34257	266.29181	40.00417	52.25954	128.0881	40.00417	89.8101	111.2875
40.17083	0.34091	265.11251	40.17083	52.29869	128.54736	40.17083	90.08007	111.9592
40.3375	0.33924	263.92095	40.3375	52.3533	129.00476	40.3375	90.33853	112.60899
40.50417	0.33756	262.7207	40.50417	52.42495	129.4614	40.50417	90.58495	113.23507
40.67083	0.33588	261.51782	40.67083	52.51481	129.92096	40.67083	90.81804	113.8357
40.8375	0.33422	260.31928	40.8375	52.62472	130.38657	40.8375	91.03654	114.40819
41.00417	0.33259	259.1347	41.00417	52.75645	130.86386	41.00417	91.23802	114.94913
41.17083	0.331	257.97275	41.17083	52.91312	131.35853	41.17083	91.42152	115.45777
41.3375	0.32947	256.84571	41.3375	53.09824	131.87666	41.3375	91.58523	115.92998
41.50417	0.32804	255.76489	41.50417	53.31559	132.42857	41.50417	91.7272	116.3636
41.67083	0.32671	254.74689	41.67083	53.57098	133.02477	41.67083	91.84418	116.75323
41.8375	0.32553	253.80983	41.8375	53.87138	133.67851	41.8375	91.93303	117.09512
42.00417	0.32453	252.97652	42.00417	54.22463	134.40555	42.00417	91.98966	117.38399
42.17083	0.32376	252.27226	42.17083	54.64163	135.22423	42.17083	92.00747	117.61174
42.3375	0.32328	251.731	42.3375	55.13359	136.15897	42.3375	91.97889	117.76814
42.50417	0.32314	251.3833	42.50417	55.71186	137.22815	42.50417	91.89163	117.83601
42.67083	0.3234	251.26558	42.67083	56.37431	138.4406	42.67083	91.72808	117.79312
42.8375	0.32411	251.39632	42.8375	57.06973	139.74629	42.8375	91.45503	117.5952
43.00417	0.32521	251.75459	43.00417	57.66214	140.99192	43.00417	91.00742	117.15623
43.17083	0.32666	252.27849	43.17083	58.20579	142.20073	43.17083	90.31846	116.3933
43.3375	0.32838	252.93653	43.3375	58.95897	143.62549	43.3375	89.52755	115.49049
43.50417	0.33025	253.66438	43.50417	59.82399	145.18323	43.50417	88.77018	114.62443
43.67083	0.33221	254.42354	43.67083	60.67558	146.74753	43.67083	88.0539	113.8058
43.8375	0.33421	255.19836	43.8375	61.45875	148.25719	43.8375	87.37443	113.03149
44.00417	0.33624	255.98978	44.00417	62.1586	149.69293	44.00417	86.72792	112.29455
44.17083	0.33831	256.79704	44.17083	62.77969	151.05664	44.17083	86.11187	111.59357
44.3375	0.34041	257.62413	44.3375	63.33138	152.35636	44.3375	85.52372	110.92388
44.50417	0.34255	258.46875	44.50417	63.82629	153.60096	44.50417	84.96232	110.28533
44.67083	0.34472	259.33261	44.67083	64.27393	154.79947	44.67083	84.42563	109.6759
44.8375	0.34692	260.21647	44.8375	64.68412	155.96113	44.8375	83.9127	109.09341
45.00417	0.34914	261.1194	45.00417	65.06434	157.09108	45.00417	83.42222	108.53724
45.17083	0.3514	262.03986	45.17083	65.42029	158.19633	45.17083	82.95402	108.00589
45.3375	0.35368	262.98126	45.3375	65.75721	159.28123	45.3375	82.50653	107.49851
45.50417	0.356	263.93814	45.50417	66.07885	160.34935	45.50417	82.07914	107.015
45.67083	0.35833	264.91274	45.67083	66.38822	161.40338	45.67083	81.67128	106.55298
45.8375	0.36069	265.90471	45.8375	66.68781	162.44498	45.8375	81.28253	106.11265
46.00417	0.36308	266.91215	46.00417	66.97956	163.47708	46.00417	80.91177	105.69299
46.17083	0.36549	267.93637	46.17083	67.26536	164.50145	46.17083	80.55859	105.29382
46.3375	0.36792	268.97719	46.3375	67.54625	165.51799	46.3375	80.22295	104.91367
46.50417	0.37037	270.03274	46.50417	67.82318	166.52873	46.50417	79.90347	104.55241
46.67083	0.37285	271.10394	46.67083	68.09654	167.53441	46.67083	79.6004	104.20946
46.8375	0.37535	272.19004	46.8375	68.36741	168.53502	46.8375	79.3128	103.88412
47.00417	0.37787	273.2901	47.00417	68.63641	169.53176	47.00417	79.04002	103.57571
47.17083	0.38041	274.40565	47.17083	68.90359	170.52446	47.17083	78.78228	103.28414
47.3375	0.38297	275.53627	47.3375	69.16936	171.51411	47.3375	78.53872	103.00827
47.50417	0.38555	276.67879	47.50417	69.43405	172.50063	47.50417	78.3084	102.74817
47.67083	0.38815	277.83733	47.67083	69.69791	173.48403	47.67083	78.09159	102.5028
47.8375	0.39078	279.00702	47.8375	69.96111	174.46457	47.8375	77.88773	102.27174
48.00417	0.39342	280.19424	48.00417	70.22352	175.44299	48.00417	77.69635	102.05525
48.17083	0.39608	281.39184	48.17083	70.48558	176.41929	48.17083	77.51711	101.85212
48.3375	0.39876	282.60246	48.3375	70.74723	177.39348	48.3375	77.3494	101.66223
48.50417	0.40146	283.82799	48.50417	71.0088	178.36574	48.50417	77.19334	101.4852
48.67083	0.40418	285.06313	48.67083	71.26967	179.33596	48.67083	77.0482	101.32075
48.8375	0.40692	286.31393	48.8375	71.53056	180.30509	48.8375	76.91372	101.16783
49.00417	0.40968	287.57605	49.00417	71.79103	181.27118	49.00417	76.78979	101.02642
49.17083	0.41245	288.85044	49.17083	72.05155	182.23634	49.17083	76.67559	100.89705
49.3375	0.41525	290.13502	49.3375	72.31195	183.20031	49.3375	76.57093	100.77804
49.50417	0.41806	291.43298	49.50417	72.57248	184.16234	49.50417	76.47584	100.66958
49.67083	0.42089	292.74302	49.67083	72.83255	185.12235	49.67083	76.38982	100.57159
49.8375	0.42373	294.06439	49.8375	73.09257	186.08135	49.8375	76.31263	100.48301
50.00417	0.4266	295.39537	50.00417	73.35265	187.03933	50.00417	76.24374	100.40447
50.17083	0.42948	296.74031	50.17083	73.61244	187.99538	50.17083	76.18336	100.33532
50.3375	0.43238	298.09394	50.3375	73.87215	188.95051	50.3375	76.13079	100.27512
50.50417	0.43529	299.45982	50.50417	74.13186	189.90352	50.50417	76.08616	100.22351
50.67083	0.43822	300.83438	50.67083	74.39161	190.85662	50.67083	76.04851	100.18048
50.8375	0.44117	302.2229	50.8375	74.65132	191.80761	50.8375	76.01849	100.14549
51.00417	0.44413	303.61841	51.00417	74.91102	192.75767	51.00417	75.99549	100.11876
51.17083	0.44711	305.02617	51.17083	75.17042	193.70682	51.17083	75.97923	100.09958
51.3375	0.45011	306.44319	51.3375	75.42985	194.65402	51.3375	75.96942	100.08794
51.50417	0.45312	307.87114	51.50417	75.68928	195.60022	51.50417	75.96606	100.08307
51.67083	0.45614	309.30928	51.67083	75.94871	196.54632	51.67083	75.96863	100.08533
51.8375	0.45919	310.75534	51.8375	76.20777	197.48967	51.8375	75.97714	100.09456
52.00417	0.46224	312.21254	52.00417	76.46719	198.43393	52.00417	75.99163	100.11042
52.17083	0.46531	313.67785	52.17083	76.72625	199.37533	52.17083	76.01154	100.13279
52.3375	0.4684	315.15353	52.3375	76.98531	200.31766	52.3375	76.03664	100.16109
52.50417	0.4715	316.63789	52.50417	77.24414	201.25713	52.50417	76.06731	100.19549
52.67083	0.47462	318.13188	52.67083	77.50324	202.19651	52.67083	76.10263	100.23533
52.8375	0.47775	319.6336	52.8375	77.76207	203.13497	52.8375	76.14267	100.28101
53.00417	0.4809	321.14682	53.00417	78.0208	204.07148	53.00417	76.18802	100.33327
53.17083	0.48402	322.64949	53.17083	78.27614	204.97525	53.17083	76.04935	100.2001
53.3375	0.48677	323.92198	53.3375	78.49004	205.77626	53.3375	74.20555	98.20223
53.50417	0.48882	324.81886	53.50417	78.62108	206.41223	53.50417	69.32881	92.81704
53.67083	0.49009	325.39067	53.67083	78.65096	206.80025	53.67083	63.37591	86.19412
53.8375	0.49063	325.70969	53.8375	78.58	206.91094	53.8375	59.3746	81.78202
54.00417	0.49057	325.83684	54.00417	78.41787	206.76947	54.00417	57.84399	80.21299
54.17083	0.49003	325.8325	54.17083	78.17885	206.41864	54.17083	57.57997	80.11952
54.3375	0.48915	325.76194	54.3375	77.87474	205.89503	54.3375	57.68459	80.46753
54.50417	0.48804	325.6844	54.50417	77.5158	205.22519	54.50417	57.86955	80.92306
54.67083	0.48681	325.65648	54.67083	77.11101	204.42964	54.67083	58.08059	81.42249
54.8375	0.48556	325.72194	54.8375	76.66782	203.52869	54.8375	58.30944	81.95611
55.00417	0.48436	325.92512	55.00417	76.19328	202.53891	55.00417	58.55469	82.52137
55.17083	0.48329	326.30169	55.17083	75.69307	201.47869	55.17083	58.81502	83.11628
55.3375	0.48242	326.88313	55.3375	75.1721	200.35824	55.3375	59.09023	83.73987
55.50417	0.48179	327.69379	55.50417	74.63546	199.19319	55.50417	59.37966	84.39138
55.67083	0.48145	328.75367	55.67083	74.08733	197.99505	55.67083	59.68311	85.06995
55.8375	0.48144	330.07785	55.8375	73.53061	196.77541	55.8375	60.00048	85.77539
56.00417	0.48177	331.67126	56.00417	72.96942	195.54429	56.00417	60.33134	86.50676
56.17083	0.48247	333.53822	56.17083	72.406	194.31117	56.17083	60.67611	87.26384
56.3375	0.48353	335.67119	56.3375	71.84296	193.08579	56.3375	61.03392	88.04559
56.50417	0.48495	338.06393	56.50417	71.28301	191.87618	56.50417	61.4052	88.8525
56.67083	0.48671	340.69722	56.67083	70.72758	190.69032	56.67083	61.78953	89.68358
56.8375	0.4888	343.5518	56.8375	70.17852	189.53587	56.8375	62.18729	90.53799
57.00417	0.49118	346.60259	57.00417	69.63759	188.4197	57.00417	62.59832	91.41631
57.17083	0.49381	349.81807	57.17083	69.10648	187.34837	57.17083	63.02243	92.3184
57.3375	0.49666	353.16958	57.3375	68.58608	186.32655	57.3375	63.4594	93.24303
57.50417	0.49967	356.61863	57.50417	68.07805	185.35987	57.50417	63.90994	94.19008
57.67083	0.50281	360.13313	57.67083	67.58323	184.45357	57.67083	64.37315	95.15968
57.8375	0.50602	363.67538	57.8375	67.10285	183.61123	57.8375	64.84951	96.15106
58.00417	0.50926	367.21065	58.00417	66.63778	182.83617	58.00417	65.33907	97.16527
58.17083	0.51248	370.70591	58.17083	66.18912	182.13161	58.17083	65.84147	98.20134
58.3375	0.51564	374.12628	58.3375	65.75809	181.50077	58.3375	66.35705	99.25835
58.50417	0.51869	377.44365	58.50417	65.34507	180.94318	58.50417	66.88504	100.33717
58.67083	0.5216	380.63215	58.67083	64.95054	180.46245	58.67083	67.42609	101.4368
58.8375	0.52435	383.66804	58.8375	64.57601	180.05901	58.8375	67.97984	102.55817
59.00417	0.5269	386.52867	59.00417	64.22136	179.73095	59.00417	68.5464	103.6994
59.17083	0.52923	389.20025	59.17083	63.88748	179.48011	59.17083	69.12527	104.86224
59.3375	0.53132	391.66865	59.3375	63.57434	179.30381	59.3375	69.71616	106.04397
59.50417	0.53317	393.92444	59.50417	63.28309	179.20177	59.50417	70.31931	107.24631
59.67083	0.53475	395.95798	59.67083	63.01287	179.17216	59.67083	70.93413	108.46833
59.8375	0.53608	397.76817	59.8375	62.76448	179.21277	59.8375	71.56051	109.70815
60.00417	0.53714	399.35195	60.00417	62.53783	179.32074	60.00417	72.1978	110.96754
60.17083	0.53794	400.71179	60.17083	62.33277	179.49192	60.17083	72.84566	112.24283
60.3375	0.53849	401.84827	60.3375	62.14872	179.72522	60.3375	73.50372	113.53575
60.50417	0.53878	402.7678	60.50417	61.98578	180.01474	60.50417	74.17129	114.84353
60.67083	0.53883	403.4764	60.67083	61.84348	180.35928	60.67083	74.84767	116.16696
60.8375	0.53865	403.97842	60.8375	61.72156	180.75184	60.8375	75.5325	117.5033
61.00417	0.53824	404.28612	61.00417	61.61932	181.18949	61.00417	76.22476	118.85243
61.17083	0.53762	404.40554	61.17083	61.53587	181.66992	61.17083	76.92348	120.21154
61.3375	0.5368	404.3463	61.3375	61.47098	182.18621	61.3375	77.62793	121.57964
61.50417	0.5358	404.1169	61.50417	61.42428	182.73443	61.50417	78.33677	122.95397
61.67083	0.53461	403.72996	61.67083	61.39435	183.31142	61.67083	79.04958	124.33523
61.8375	0.53326	403.19474	61.8375	61.38107	183.91222	61.8375	79.76443	125.71972
62.00417	0.53176	402.51745	62.00417	61.38343	184.53279	62.00417	80.48059	127.10468
62.17083	0.53012	401.71113	62.17083	61.40143	185.16998	62.17083	81.19667	128.48901
62.3375	0.52834	400.78445	62.3375	61.43372	185.81892	62.3375	81.9113	129.86987
62.50417	0.52644	399.74551	62.50417	61.48023	186.47741	62.50417	82.62291	131.24539
62.67083	0.52444	398.60545	62.67083	61.54023	187.14073	62.67083	83.33041	132.61093
62.8375	0.52233	397.37124	62.8375	61.61306	187.80752	62.8375	84.03184	133.96626
63.00417	0.52013	396.0514	63.00417	61.69902	188.47409	63.00417	84.72578	135.30685
63.17083	0.51784	394.65344	63.17083	61.79779	189.13822	63.17083	85.41065	136.63073
63.3375	0.51548	393.18473	63.3375	61.90869	189.79974	63.3375	86.08464	137.93509
63.50417	0.51306	391.65585	63.50417	62.032	190.45589	63.50417	86.74654	139.21623
63.67083	0.51057	390.06943	63.67083	62.16822	191.10749	63.67083	87.39466	140.47218
63.8375	0.50804	388.43678	63.8375	62.31724	191.75261	63.8375	88.0267	141.69929
64.00417	0.50548	386.7649	64.00417	62.48018	192.39401	64.00417	88.64174	142.89384
64.17083	0.50289	385.05924	64.17083	62.65735	193.03077	64.17083	89.2374	144.05401
64.3375	0.50028	383.32981	64.3375	62.85015	193.66769	64.3375	89.81214	145.17705
64.50417	0.49767	381.58473	64.50417	63.06009	194.30383	64.50417	90.36459	146.25751
64.67083	0.49507	379.83285	64.67083	63.28891	194.94593	64.67083	90.89292	147.29548
64.8375	0.49249	378.08342	64.8375	63.53861	195.59896	64.8375	91.39467	148.28474
65.00417	0.48997	376.34796	65.00417	63.81296	196.27038	65.00417	91.86872	149.22457
65.17083	0.48751	374.64118	65.17083	64.11488	196.96534	65.17083	92.31326	150.10987
65.3375	0.48515	372.97645	65.3375	64.44909	197.69729	65.3375	92.72488	150.93848
65.50417	0.48291	371.37173	65.50417	64.8215	198.4749	65.50417	93.10213	151.70402
65.67083	0.48084	369.84983	65.67083	65.23939	199.31631	65.67083	93.44142	152.40342
65.8375	0.47899	368.43169	65.8375	65.71161	200.23597	65.8375	93.73995	153.0292
66.00417	0.47739	367.15126	66.00417	66.24943	201.26079	66.00417	93.99231	153.57598
66.17083	0.47613	366.04328	66.17083	66.86773	202.41354	66.17083	94.19364	154.03293
66.3375	0.47528	365.14998	66.3375	67.58312	203.72592	66.3375	94.33524	154.388
66.50417	0.47492	364.52326	66.50417	68.41157	205.22801	66.50417	94.40605	154.62263
66.67083	0.47516	364.20688	66.67083	69.35238	206.93087	66.67083	94.39159	154.71174
66.8375	0.47602	364.22952	66.8375	70.33216	208.76219	66.8375	94.26461	154.61097
67.00417	0.47746	364.55043	67.00417	71.14013	210.48639	67.00417	93.97116	154.23005
67.17083	0.47934	365.07773	67.17083	71.84773	212.12513	67.17083	93.46156	153.49104
67.3375	0.48158	365.77067	67.3375	72.86585	214.08129	67.3375	92.86389	152.60529
67.50417	0.48402	366.5455	67.50417	74.06027	216.23706	67.50417	92.29254	151.75218
67.67083	0.48654	367.3422	67.67083	75.24836	218.40769	67.67083	91.75343	150.94279
67.8375	0.48909	368.14154	67.8375	76.34317	220.50218	67.8375	91.2447	150.17418
68.00417	0.49166	368.94258	68.00417	77.31823	222.48745	68.00417	90.76472	149.44138
68.17083	0.49424	369.74533	68.17083	78.17557	224.36027	68.17083	90.3114	148.74249
68.3375	0.49685	370.55769	68.3375	78.92621	226.13179	68.3375	89.88368	148.07658
68.50417	0.49947	371.38137	68.50417	79.58632	227.81172	68.50417	89.48045	147.44146
68.67083	0.50213	372.21995	68.67083	80.16996	229.41353	68.67083	89.10011	146.8346
68.8375	0.5048	373.07496	68.8375	80.69086	230.95067	68.8375	88.74224	146.25681
69.00417	0.50751	373.94562	69.00417	81.16017	232.43446	69.00417	88.40614	145.70571
69.17083	0.51024	374.83646	69.17083	81.58733	233.87267	69.17083	88.09045	145.18032
69.3375	0.513	375.74296	69.3375	81.98004	235.2731	69.3375	87.7948	144.67999
69.50417	0.51578	376.66776	69.50417	82.34498	236.64057	69.50417	87.51812	144.20304
69.67083	0.5186	377.61087	69.67083	82.68715	237.98188	69.67083	87.26011	143.74994
69.8375	0.52143	378.57227	69.8375	83.01077	239.29961	69.8375	87.02009	143.31961
70.00417	0.52429	379.55027	70.00417	83.31936	240.59948	70.00417	86.79741	142.91106
70.17083	0.52718	380.54487	70.17083	83.61579	241.88185	70.17083	86.59104	142.52296
70.3375	0.53009	381.5576	70.3375	83.90183	243.14912	70.3375	86.40137	142.15481
70.50417	0.53303	382.5888	70.50417	84.18024	244.40552	70.50417	86.22689	141.80601
70.67083	0.53598	383.63472	70.67083	84.45162	245.64811	70.67083	86.06757	141.47715
70.8375	0.53897	384.69988	70.8375	84.71782	246.88444	70.8375	85.92274	141.16579
71.00417	0.54198	385.779	71.00417	84.97974	248.10889	71.00417	85.792	140.87276
71.17083	0.545	386.87643	71.17083	85.23816	249.32736	71.17083	85.67488	140.5969
71.3375	0.54806	387.98857	71.3375	85.49389	250.53966	71.3375	85.571	140.33633
71.50417	0.55113	389.11731	71.50417	85.74721	251.74394	71.50417	85.47923	140.09218
71.67083	0.55423	390.26171	71.67083	85.99866	252.94326	71.67083	85.3999	139.86441
71.8375	0.55735	391.42366	71.8375	86.24875	254.13751	71.8375	85.33253	139.65081
72.00417	0.56049	392.59862	72.00417	86.49771	255.3266	72.00417	85.2762	139.45133
72.17083	0.56366	393.79094	72.17083	86.74561	256.51081	72.17083	85.23108	139.26652
72.3375	0.56684	394.99816	72.3375	86.99315	257.69107	72.3375	85.19613	139.09468
72.50417	0.57005	396.22011	72.50417	87.24004	258.86617	72.50417	85.17175	138.93582
72.67083	0.57328	397.45619	72.67083	87.48649	260.03924	72.67083	85.15722	138.78946
72.8375	0.57653	398.70699	72.8375	87.73297	261.20651	72.8375	85.15191	138.65604
73.00417	0.5798	399.97345	73.00417	87.97919	262.37157	73.00417	85.15593	138.53367
73.17083	0.58309	401.25312	73.17083	88.22539	263.53277	73.17083	85.16872	138.42283
73.3375	0.5864	402.54562	73.3375	88.47155	264.69092	73.3375	85.18992	138.32293
73.50417	0.58973	403.85396	73.50417	88.71825	265.84512	73.50417	85.21938	138.23399
73.67083	0.59308	405.17702	73.67083	88.9644	266.99738	73.67083	85.25685	138.15538
73.8375	0.59645	406.51065	73.8375	89.21101	268.14661	73.8375	85.30158	138.08638
74.00417	0.59984	407.85823	74.00417	89.45808	269.29288	74.00417	85.3537	138.02718
74.17083	0.60325	409.22053	74.17083	89.70469	270.43621	74.17083	85.41313	137.97711
74.3375	0.60668	410.59509	74.3375	89.95222	271.57567	74.3375	85.47919	137.9363
74.50417	0.61013	411.98286	74.50417	90.19966	272.71486	74.50417	85.55191	137.90421
74.67083	0.6136	413.38346	74.67083	90.44719	273.85036	74.67083	85.63079	137.88053
74.8375	0.61708	414.79556	74.8375	90.69508	274.98199	74.8375	85.7159	137.86471
75.00417	0.62059	416.22069	75.00417	90.94335	276.11169	75.00417	85.80678	137.85693
75.17083	0.62411	417.65789	75.17083	91.19171	277.2402	75.17083	85.90307	137.85669
75.3375	0.62765	419.10753	75.3375	91.44034	278.36602	75.3375	86.0048	137.86375
75.50417	0.63121	420.56737	75.50417	91.68953	279.48781	75.50417	86.11211	137.87826
75.67083	0.63478	422.04042	75.67083	91.93862	280.60774	75.67083	86.22424	137.89969
75.8375	0.63838	423.52402	75.8375	92.18818	281.72657	75.8375	86.34106	137.92736
76.00417	0.64199	425.0197	76.00417	92.43773	282.84264	76.00417	86.46229	137.96211
76.17083	0.64561	426.52765	76.17083	92.68774	283.95678	76.17083	86.58801	138.00246
76.3375	0.64926	428.04521	76.3375	92.93785	285.0688	76.3375	86.71838	138.04974
76.50417	0.65292	429.57315	76.50417	93.18814	286.17722	76.50417	86.85239	138.10193
76.67083	0.6566	431.11336	76.67083	93.43898	287.28546	76.67083	86.9906	138.15995
76.8375	0.66029	432.6647	76.8375	93.68973	288.39075	76.8375	87.13286	138.22357
77.00417	0.664	434.22584	77.00417	93.94084	289.4929	77.00417	87.27825	138.2939
77.17083	0.66768	435.77302	77.17083	94.18867	290.55333	77.17083	87.22288	138.16648
77.3375	0.67089	437.04628	77.3375	94.39104	291.48213	77.3375	85.23203	135.86691
77.50417	0.67316	437.85166	77.50417	94.50391	292.20241	77.50417	79.66228	129.41272
77.67083	0.67436	438.24651	77.67083	94.51102	292.61361	77.67083	72.70442	121.26521
77.8375	0.67458	438.3397	77.8375	94.41442	292.67955	77.8375	67.96569	115.73146
78.00417	0.674	438.21594	78.00417	94.22414	292.43106	78.00417	66.15818	113.74572
78.17083	0.67279	437.95446	78.17083	93.95545	291.92274	78.17083	65.88787	113.64804
78.3375	0.67114	437.63638	78.3375	93.62183	291.20043	78.3375	66.07535	114.12947
78.50417	0.66919	437.33302	78.50417	93.23386	290.29719	78.50417	66.36742	114.7595
78.67083	0.66708	437.10814	78.67083	92.80055	289.23741	78.67083	66.69698	115.45319
78.8375	0.66495	437.01512	78.8375	92.33028	288.04675	78.8375	67.05416	116.19708
79.00417	0.66289	437.10398	79.00417	91.82948	286.74709	79.00417	67.43609	116.98913
79.17083	0.661	437.41338	79.17083	91.3044	285.35508	79.17083	67.84168	117.82714
79.3375	0.65935	437.97576	79.3375	90.76001	283.89079	79.3375	68.27046	118.70686
79.50417	0.65802	438.81962	79.50417	90.20128	282.36819	79.50417	68.72203	119.62957
79.67083	0.65705	439.96402	79.67083	89.6318	280.80301	79.67083	69.19582	120.59236
79.8375	0.65649	441.42499	79.8375	89.05533	279.2075	79.8375	69.69167	121.59589
80.00417	0.65636	443.20761	80.00417	88.47519	277.59702	80.00417	70.20961	122.63911
80.17083	0.65668	445.31171	80.17083	87.89378	275.98187	80.17083	70.74915	123.7219
80.3375	0.65746	447.73144	80.3375	87.31394	274.37309	80.3375	71.3103	124.84147
80.50417	0.65868	450.45189	80.50417	86.73742	272.78164	80.50417	71.89313	125.99952
80.67083	0.66033	453.45475	80.67083	86.16704	271.21754	80.67083	72.4971	127.1942
80.8375	0.66238	456.71458	80.8375	85.60377	269.69054	80.8375	73.12292	128.4254
81.00417	0.66479	460.20305	81.00417	85.04949	268.20599	81.00417	73.76955	129.69215
81.17083	0.66753	463.88489	81.17083	84.50606	266.77686	81.17083	74.43763	130.99441
81.3375	0.67054	467.72616	81.3375	83.97495	265.40673	81.3375	75.12687	132.33121
81.50417	0.67376	471.68439	81.50417	83.45713	264.10527	81.50417	75.83717	133.70243
81.67083	0.67715	475.7198	81.67083	82.95386	262.87404	81.67083	76.56851	135.10716
81.8375	0.68064	479.7914	81.8375	82.46672	261.72279	81.8375	77.32018	136.54532
82.00417	0.68418	483.86001	82.00417	81.99615	260.65529	82.00417	78.09254	138.01679
82.17083	0.68771	487.8854	82.17083	81.54409	259.67294	82.17083	78.88555	139.51979
82.3375	0.69118	491.83213	82.3375	81.11102	258.7829	82.3375	79.69846	141.05506
82.50417	0.69454	495.66453	82.50417	80.69776	257.98461	82.50417	80.53167	142.6208
82.67083	0.69775	499.3526	82.67083	80.3054	257.28223	82.67083	81.38432	144.21691
82.8375	0.70076	502.86693	82.8375	79.93506	256.67502	82.8375	82.25624	145.84332
83.00417	0.70356	506.18523	83.00417	79.5865	256.16472	83.00417	83.14761	147.49905
83.17083	0.7061	509.2864	83.17083	79.26123	255.75086	83.17083	84.0575	149.18314
83.3375	0.70836	512.15495	83.3375	78.95883	255.43254	83.3375	84.98542	150.89552
83.50417	0.71033	514.77673	83.50417	78.68036	255.20928	83.50417	85.93113	152.63518
83.67083	0.712	517.14156	83.67083	78.4256	255.07677	83.67083	86.89378	154.40022
83.8375	0.71335	519.24736	83.8375	78.19495	255.03545	83.8375	87.87285	156.19059
84.00417	0.7144	521.08734	84.00417	77.9882	255.07954	84.00417	88.86757	158.00529
84.17083	0.71512	522.66057	84.17083	77.80487	255.20783	84.17083	89.87757	159.84146
84.3375	0.71554	523.97079	84.3375	77.64528	255.41462	84.3375	90.90076	161.69992
84.50417	0.71566	525.02181	84.50417	77.50882	255.69465	84.50417	91.93715	163.57789
84.67083	0.71547	525.81757	84.67083	77.39508	256.04673	84.67083	92.98545	165.47248
84.8375	0.715	526.36845	84.8375	77.30325	256.46312	84.8375	94.04479	167.38447
85.00417	0.71426	526.68049	85.00417	77.23293	256.93859	85.00417	95.11232	169.3093
85.17083	0.71326	526.76407	85.17083	77.18374	257.46907	85.17083	96.18863	171.24583
85.3375	0.71201	526.62899	85.3375	77.15464	258.04867	85.3375	97.2712	173.1912
85.50417	0.71052	526.28469	85.50417	77.14489	258.67297	85.50417	98.35816	175.14348
85.67083	0.70881	525.74249	85.67083	77.15382	259.33462	85.67083	99.44849	177.09981
85.8375	0.7069	525.01559	85.8375	77.18074	260.02991	85.8375	100.53937	179.05731
86.00417	0.7048	524.11249	86.00417	77.22517	260.75196	86.00417	101.6298	181.01126
86.17083	0.70251	523.04562	86.17083	77.28584	261.49891	86.17083	102.71874	182.96066
86.3375	0.70006	521.8269	86.3375	77.36228	262.26359	86.3375	103.80164	184.90158
86.50417	0.69745	520.46706	86.50417	77.45415	263.0402	86.50417	104.87923	186.82857
86.67083	0.69471	518.97572	86.67083	77.56079	263.82753	86.67083	105.94691	188.7405
86.8375	0.69183	517.36325	86.8375	77.6814	264.62135	86.8375	107.00368	190.63263
87.00417	0.68883	515.64005	87.00417	77.81614	265.41697	87.00417	108.04763	192.50121
87.17083	0.68573	513.81837	87.17083	77.96457	266.21218	87.17083	109.07504	194.34336
87.3375	0.68253	511.90406	87.3375	78.12663	267.00486	87.3375	110.08402	196.15267
87.50417	0.67926	509.90806	87.50417	78.30199	267.794	87.50417	111.07449	197.92709
87.67083	0.6759	507.84395	87.67083	78.49182	268.57581	87.67083	112.04092	199.66286
87.8375	0.67249	505.71457	87.8375	78.69605	269.35464	87.8375	112.98238	201.35456
88.00417	0.66903	503.53104	88.00417	78.91502	270.12717	88.00417	113.89699	202.99933
88.17083	0.66554	501.30658	88.17083	79.15053	270.89855	88.17083	114.78112	204.59258
88.3375	0.66203	499.0508	88.3375	79.40354	271.66704	88.3375	115.63384	206.12977
88.50417	0.65851	496.76973	88.50417	79.67567	272.43936	88.50417	116.45157	207.60738
88.67083	0.65501	494.47981	88.67083	79.96955	273.21854	88.67083	117.23256	209.02184
88.8375	0.65155	492.19006	88.8375	80.28739	274.01142	88.8375	117.9751	210.3679
89.00417	0.64815	489.91768	89.00417	80.63299	274.82727	89.00417	118.67491	211.64149
89.17083	0.64485	487.67585	89.17083	81.011	275.67496	89.17083	119.32962	212.83851
89.3375	0.64167	485.48799	89.3375	81.42632	276.56719	89.3375	119.9379	213.95268
89.50417	0.63866	483.37086	89.50417	81.88584	277.52008	89.50417	120.4943	214.97993
89.67083	0.63586	481.35204	89.67083	82.39845	278.54892	89.67083	120.99669	215.91276
89.8375	0.63334	479.46056	89.8375	82.97441	279.67941	89.8375	121.43935	216.74418
90.00417	0.63117	477.73659	90.00417	83.62792	280.93735	90.00417	121.81767	217.46145
90.17083	0.62943	476.22073	90.17083	84.37524	282.3549	90.17083	122.12272	218.0567
90.3375	0.62823	474.97087	90.3375	85.2372	283.97114	90.3375	122.34515	218.51032
90.50417	0.62767	474.04173	90.50417	86.233	285.82124	90.50417	122.47114	218.80101
90.67083	0.62789	473.49707	90.67083	87.36165	287.91942	90.67083	122.48559	218.89848
90.8375	0.62893	473.36879	90.8375	88.53403	290.17921	90.8375	122.35762	218.75179
91.00417	0.63072	473.5999	91.00417	89.49184	292.31134	91.00417	122.02998	218.25595
91.17083	0.63305	474.07136	91.17083	90.31923	294.33712	91.17083	121.44778	217.32346
91.3375	0.63582	474.73035	91.3375	91.51726	296.74156	91.3375	120.76778	216.21972
91.50417	0.63882	475.47743	91.50417	92.92654	299.38085	91.50417	120.11506	215.15189
91.67083	0.6419	476.23999	91.67083	94.33264	302.0389	91.67083	119.49573	214.13134
91.8375	0.645	476.9967	91.8375	95.63249	304.6075	91.8375	118.91107	213.15507
92.00417	0.64809	477.7436	92.00417	96.79288	307.04476	92.00417	118.35772	212.21801
92.17083	0.65119	478.4871	92.17083	97.81365	309.34883	92.17083	117.83525	211.31878
92.3375	0.6543	479.2323	92.3375	98.70742	311.52388	92.3375	117.34236	210.45562
92.50417	0.65743	479.98636	92.50417	99.49087	313.58874	92.50417	116.87849	209.62823
92.67083	0.66057	480.75251	92.67083	100.18122	315.55678	92.67083	116.43987	208.83229
92.8375	0.66374	481.53525	92.8375	100.79302	317.44219	92.8375	116.02928	208.06956
93.00417	0.66693	482.33289	93.00417	101.34019	319.25777	93.00417	115.64337	207.33709
93.17083	0.67015	483.15035	93.17083	101.83413	321.01349	93.17083	115.28257	206.63422
93.3375	0.6734	483.98535	93.3375	102.28332	322.71865	93.3375	114.94467	205.96151
93.50417	0.67668	484.84224	93.50417	102.69688	324.38171	93.50417	114.62948	205.3151
93.67083	0.67998	485.71648	93.67083	103.08014	326.00868	93.67083	114.33646	204.69604
93.8375	0.68332	486.61336	93.8375	103.43827	327.60415	93.8375	114.06462	204.10277
94.00417	0.68668	487.52854	94.00417	103.77716	329.17218	94.00417	113.81313	203.53489
94.17083	0.69006	488.46372	94.17083	104.0991	330.71727	94.17083	113.58123	202.99064
94.3375	0.69348	489.42078	94.3375	104.40686	332.24174	94.3375	113.36837	202.47108
94.44472	0.69569	490.04317	94.44472	104.5978	333.21033	94.44472	113.24141	202.14838
94.61139	0.69915	491.03061	94.61139	104.88843	334.70598	94.61139	113.05809	201.66492
94.77806	0.70264	492.03917	94.77806	105.17097	336.18874	94.77806	112.89189	201.20246
94.94472	0.70615	493.06527	94.94472	105.4466	337.65768	94.94472	112.74265	200.76114
95.11139	0.70969	494.11025	95.11139	105.71707	339.11483	95.11139	112.60906	200.33926
95.27806	0.71326	495.17524	95.27806	105.98266	340.56001	95.27806	112.49114	199.93656
95.44472	0.71685	496.25964	95.44472	106.2442	341.99719	95.44472	112.3877	199.55252
95.61139	0.72047	497.3614	95.61139	106.50372	343.42469	95.61139	112.29895	199.18676
95.77806	0.72412	498.48316	95.77806	106.76029	344.84418	95.77806	112.22373	198.83828
95.94472	0.72778	499.62152	95.94472	107.01492	346.25483	95.94472	112.16221	198.50628
96.00028	0.72902	500.00337	96.00028	107.10035	346.72517	96.00028	112.14431	198.40044
