Time	H2O2(C2w)	Time	H2O2(C2wo)	Time	O3(C2w)	Time	O3(C2wo)	Time	aH2O2(C2w)	Time	aH2O2(C2wo)	Time	aO3(C2w)	Time	aO3(C2wo)
23.99194	0.0023	24.00417	1.47678	23.99194	94.18101	24.00417	95.30063	23.99194	2.23E-07	24.00417	2.02E-04	23.99194	1.18E-09	24.00417	1.05E-09
24.15861	0.00227	24.17083	1.46905	24.15861	93.78044	24.17083	94.9714	24.15861	2.17E-07	24.17083	2.01E-04	24.15861	1.17E-09	24.17083	1.05E-09
24.32528	0.00225	24.3375	1.46138	24.32528	93.38515	24.3375	94.64365	24.32528	2.11E-07	24.3375	2.00E-04	24.32528	1.17E-09	24.3375	1.04E-09
24.49194	0.00222	24.50417	1.45375	24.49194	92.99302	24.50417	94.31738	24.49194	2.05E-07	24.50417	1.99E-04	24.49194	1.16E-09	24.50417	1.04E-09
24.65861	0.00219	24.67083	1.4462	24.65861	92.603	24.67083	93.9921	24.65861	2.65E-07	24.67083	1.98E-04	24.65861	1.16E-09	24.67083	1.04E-09
24.82528	0.00216	24.8375	1.4387	24.82528	92.21457	24.8375	93.6688	24.82528	2.61E-07	24.8375	1.97E-04	24.82528	1.15E-09	24.8375	1.03E-09
24.84194	0.00216	25.00417	1.43125	24.84194	92.17604	25.00417	93.34648	24.84194	2.61E-07	25.00417	1.96E-04	24.84194	1.15E-09	25.00417	1.03E-09
25.00861	0.00848	25.17083	1.42386	25.00861	91.85252	25.17083	93.02564	25.00861	1.34E-06	25.17083	1.95E-04	25.00861	1.02E-09	25.17083	1.03E-09
25.09194	0.01054	25.3375	1.41653	25.09194	91.68997	25.3375	92.70579	25.09194	1.35E-06	25.3375	1.94E-04	25.09194	9.46E-10	25.3375	1.02E-09
25.25861	0.01527	25.50417	1.40925	25.25861	85.44844	25.50417	92.38742	25.25861	2.10E-06	25.50417	1.93E-04	25.25861	9.42E-10	25.50417	1.02E-09
25.42528	0.0212	25.67083	1.40203	25.42528	85.14389	25.67083	92.07004	25.42528	2.91E-06	25.67083	1.92E-04	25.42528	9.39E-10	25.67083	1.02E-09
25.59194	0.02716	25.8375	1.39486	25.59194	84.84132	25.8375	91.75414	25.59194	3.72E-06	25.8375	1.91E-04	25.59194	9.35E-10	25.8375	1.01E-09
25.75861	0.03309	26.00417	1.38775	25.75861	84.53973	26.00417	91.43922	25.75861	4.53E-06	26.00417	1.90E-04	25.75861	9.32E-10	26.00417	1.01E-09
25.92528	0.03899	26.17083	1.38069	25.92528	84.24012	26.17083	91.12529	25.92528	5.34E-06	26.17083	1.89E-04	25.92528	9.29E-10	26.17083	1.00E-09
26.09194	0.04485	26.3375	1.37368	26.09194	83.941	26.3375	90.81235	26.09194	6.14E-06	26.3375	1.88E-04	26.09194	9.26E-10	26.3375	1.00E-09
26.25861	0.05066	26.50417	1.36673	26.25861	83.64336	26.50417	90.50089	26.25861	6.93E-06	26.50417	1.87E-04	26.25861	9.22E-10	26.50417	9.98E-10
26.42528	0.05643	26.67083	1.35983	26.42528	83.3472	26.67083	90.18993	26.42528	7.72E-06	26.67083	1.86E-04	26.42528	9.19E-10	26.67083	9.94E-10
26.59194	0.06216	26.8375	1.35298	26.59194	83.05203	26.8375	89.88044	26.59194	8.50E-06	26.8375	1.85E-04	26.59194	9.16E-10	26.8375	9.91E-10
26.75861	0.06784	27.00417	1.34618	26.75861	82.75834	27.00417	89.57145	26.75861	9.28E-06	27.00417	1.84E-04	26.75861	9.12E-10	27.00417	9.88E-10
26.92528	0.07346	27.17083	1.33943	26.92528	82.46564	27.17083	89.26394	26.92528	1.00E-05	27.17083	1.83E-04	26.92528	9.09E-10	27.17083	9.84E-10
27.09194	0.07904	27.3375	1.33273	27.09194	82.17392	27.3375	88.95742	27.09194	1.08E-05	27.3375	1.82E-04	27.09194	9.06E-10	27.3375	9.81E-10
27.25861	0.08457	27.50417	1.32609	27.25861	81.88319	27.50417	88.65139	27.25861	1.16E-05	27.50417	1.81E-04	27.25861	9.03E-10	27.50417	9.77E-10
27.42528	0.09004	27.67083	1.31949	27.42528	81.59345	27.67083	88.34684	27.42528	1.23E-05	27.67083	1.80E-04	27.42528	9.00E-10	27.67083	9.74E-10
27.59194	0.09547	27.8375	1.31295	27.59194	81.30519	27.8375	88.04278	27.59194	1.31E-05	27.8375	1.79E-04	27.59194	8.96E-10	27.8375	9.71E-10
27.75861	0.10083	28.00417	1.30645	27.75861	81.01792	28.00417	87.73972	27.75861	1.38E-05	28.00417	1.79E-04	27.75861	8.93E-10	28.00417	9.67E-10
27.92528	0.10615	28.17083	1.3	27.92528	80.73114	28.17083	87.43763	27.92528	1.45E-05	28.17083	1.78E-04	27.92528	8.90E-10	28.17083	9.64E-10
28.09194	0.1114	28.3375	1.2936	28.09194	80.44584	28.3375	87.13654	28.09194	1.52E-05	28.3375	1.77E-04	28.09194	8.87E-10	28.3375	9.61E-10
28.25861	0.11661	28.50417	1.28725	28.25861	80.16153	28.50417	86.83594	28.25861	1.59E-05	28.50417	1.76E-04	28.25861	8.84E-10	28.50417	9.57E-10
28.42528	0.12176	28.67083	1.28094	28.42528	79.87771	28.67083	86.53682	28.42528	1.67E-05	28.67083	1.75E-04	28.42528	8.81E-10	28.67083	9.54E-10
28.59194	0.12685	28.8375	1.27468	28.59194	79.59538	28.8375	86.2382	28.59194	1.73E-05	28.8375	1.74E-04	28.59194	8.78E-10	28.8375	9.51E-10
28.75861	0.13189	29.00417	1.26846	28.75861	79.31353	29.00417	85.94105	28.75861	1.80E-05	29.00417	1.73E-04	28.75861	8.75E-10	29.00417	9.48E-10
28.92528	0.13687	29.17083	1.26208	28.92528	79.03268	29.17083	85.65921	28.92528	1.87E-05	29.17083	1.73E-04	28.92528	8.71E-10	29.17083	9.44E-10
29.09194	0.14176	29.3375	1.25621	29.09194	78.75725	29.3375	85.40747	29.09194	1.94E-05	29.3375	1.72E-04	29.09194	8.68E-10	29.3375	9.42E-10
29.25861	0.14744	29.50417	1.2514	29.25861	78.50798	29.50417	85.17894	29.25861	2.02E-05	29.50417	1.71E-04	29.25861	8.66E-10	29.50417	9.39E-10
29.42528	0.15598	29.67083	1.2469	29.42528	78.28981	29.67083	84.96719	29.42528	2.13E-05	29.67083	1.70E-04	29.42528	8.63E-10	29.67083	9.37E-10
29.59194	0.16572	29.8375	1.24253	29.59194	78.0904	29.8375	84.77221	29.59194	2.27E-05	29.8375	1.70E-04	29.59194	8.61E-10	29.8375	9.35E-10
29.75861	0.17539	30.00417	1.23848	29.75861	77.90826	30.00417	84.59452	29.75861	2.40E-05	30.00417	1.69E-04	29.75861	8.59E-10	30.00417	9.33E-10
29.92528	0.18479	30.17083	1.23497	29.92528	77.74242	30.17083	84.43608	29.92528	2.53E-05	30.17083	1.69E-04	29.92528	8.57E-10	30.17083	9.31E-10
30.09194	0.19428	30.3375	1.23214	30.09194	77.59483	30.3375	84.29836	30.09194	2.66E-05	30.3375	1.68E-04	30.09194	8.56E-10	30.3375	9.29E-10
30.25861	0.2043	30.50417	1.23007	30.25861	77.466	30.50417	84.18237	30.25861	2.79E-05	30.50417	1.68E-04	30.25861	8.54E-10	30.50417	9.28E-10
30.42528	0.21511	30.67083	1.2288	30.42528	77.35741	30.67083	84.09056	30.42528	2.94E-05	30.67083	1.68E-04	30.42528	8.53E-10	30.67083	9.27E-10
30.59194	0.22679	30.8375	1.22838	30.59194	77.27004	30.8375	84.02392	30.59194	3.10E-05	30.8375	1.68E-04	30.59194	8.52E-10	30.8375	9.26E-10
30.75861	0.23936	31.00417	1.22885	30.75861	77.20637	31.00417	83.98443	30.75861	3.27E-05	31.00417	1.68E-04	30.75861	8.51E-10	31.00417	9.26E-10
30.92528	0.25284	31.17083	1.23023	30.92528	77.16738	31.17083	83.97259	30.92528	3.46E-05	31.17083	1.68E-04	30.92528	8.51E-10	31.17083	9.26E-10
31.09194	0.26723	31.3375	1.23256	31.09194	77.15405	31.3375	83.98986	31.09194	3.65E-05	31.3375	1.69E-04	31.09194	8.51E-10	31.3375	9.26E-10
31.25861	0.28253	31.50417	1.23588	31.25861	77.16738	31.50417	84.03725	31.25861	3.86E-05	31.50417	1.69E-04	31.25861	8.51E-10	31.50417	9.27E-10
31.42528	0.29876	31.67083	1.2402	31.42528	77.20933	31.67083	84.11573	31.42528	4.09E-05	31.67083	1.70E-04	31.42528	8.51E-10	31.67083	9.27E-10
31.59194	0.31593	31.8375	1.24556	31.59194	77.27992	31.8375	84.2258	31.59194	4.32E-05	31.8375	1.70E-04	31.59194	8.52E-10	31.8375	9.29E-10
31.75861	0.33405	32.00417	1.25197	31.75861	77.38012	32.00417	84.36796	31.75861	4.57E-05	32.00417	1.71E-04	31.75861	8.53E-10	32.00417	9.30E-10
31.92528	0.35311	32.17083	1.25945	31.92528	77.51042	32.17083	84.54171	31.92528	4.83E-05	32.17083	1.72E-04	31.92528	8.55E-10	32.17083	9.32E-10
32.09194	0.37313	32.3375	1.26803	32.09194	77.67134	32.3375	84.74753	32.09194	5.10E-05	32.3375	1.73E-04	32.09194	8.56E-10	32.3375	9.34E-10
32.25861	0.39412	32.50417	1.27771	32.25861	77.86285	32.50417	84.98446	32.25861	5.39E-05	32.50417	1.75E-04	32.25861	8.59E-10	32.50417	9.37E-10
32.42528	0.41606	32.67083	1.28852	32.42528	78.08497	32.67083	85.25298	32.42528	5.69E-05	32.67083	1.76E-04	32.42528	8.61E-10	32.67083	9.40E-10
32.59194	0.43898	32.8375	1.30046	32.59194	78.3372	32.8375	85.5516	32.59194	6.00E-05	32.8375	1.78E-04	32.59194	8.64E-10	32.8375	9.43E-10
32.75861	0.46285	33.00417	1.31353	32.75861	78.61954	33.00417	85.88034	32.75861	6.33E-05	33.00417	1.80E-04	32.75861	8.67E-10	33.00417	9.47E-10
32.92528	0.48769	33.17083	1.32775	32.92528	78.9305	33.17083	86.23671	32.92528	6.67E-05	33.17083	1.82E-04	32.92528	8.70E-10	33.17083	9.51E-10
33.09194	0.51348	33.3375	1.34312	33.09194	79.2701	33.3375	86.62123	33.09194	7.02E-05	33.3375	1.84E-04	33.09194	8.74E-10	33.3375	9.55E-10
33.25861	0.54023	33.50417	1.35964	33.25861	79.63733	33.50417	87.03091	33.25861	7.39E-05	33.50417	1.86E-04	33.25861	8.78E-10	33.50417	9.60E-10
33.42528	0.56792	33.67083	1.37729	33.42528	80.03023	33.67083	87.46577	33.42528	7.77E-05	33.67083	1.88E-04	33.42528	8.82E-10	33.67083	9.64E-10
33.59194	0.59653	33.8375	1.39607	33.59194	80.4488	33.8375	87.92333	33.59194	8.16E-05	33.8375	1.91E-04	33.59194	8.87E-10	33.8375	9.69E-10
33.75861	0.62606	34.00417	1.41597	33.75861	80.89057	34.00417	88.40212	33.75861	8.56E-05	34.00417	1.94E-04	33.75861	8.92E-10	34.00417	9.75E-10
33.92528	0.65648	34.17083	1.43695	33.92528	81.35455	34.17083	88.90016	33.92528	8.98E-05	34.17083	1.96E-04	33.92528	8.97E-10	34.17083	9.80E-10
34.09194	0.68776	34.3375	1.45901	34.09194	81.83926	34.3375	89.41646	34.09194	9.41E-05	34.3375	1.99E-04	34.09194	9.02E-10	34.3375	9.86E-10
34.25861	0.71988	34.50417	1.48208	34.25861	82.34323	34.50417	89.94807	34.25861	9.84E-05	34.50417	2.03E-04	34.25861	9.08E-10	34.50417	9.92E-10
34.42528	0.7528	34.67083	1.50614	34.42528	82.86397	34.67083	90.49349	34.42528	1.03E-04	34.67083	2.06E-04	34.42528	9.14E-10	34.67083	9.98E-10
34.59194	0.78648	34.8375	1.53112	34.59194	83.40002	34.8375	91.05125	34.59194	1.08E-04	34.8375	2.09E-04	34.59194	9.20E-10	34.8375	1.00E-09
34.75861	0.82087	35.00417	1.55697	34.75861	83.94939	35.00417	91.6184	34.75861	1.12E-04	35.00417	2.13E-04	34.75861	9.26E-10	35.00417	1.01E-09
34.92528	0.85591	35.17083	1.5836	34.92528	84.51061	35.17083	92.19393	34.92528	1.17E-04	35.17083	2.17E-04	34.92528	9.32E-10	35.17083	1.02E-09
35.09194	0.89154	35.3375	1.61094	35.09194	85.0817	35.3375	92.77489	35.09194	1.22E-04	35.3375	2.20E-04	35.09194	9.38E-10	35.3375	1.02E-09
35.10861	0.89513	35.50417	1.63889	35.10861	85.13896	35.50417	93.3603	35.10861	1.22E-04	35.50417	2.24E-04	35.10861	9.39E-10	35.50417	1.03E-09
35.27528	0.96694	35.67083	1.66735	35.27528	89.40057	35.67083	93.94718	35.27528	1.94E-04	35.67083	2.28E-04	35.27528	1.09E-09	35.67083	1.04E-09
35.35861	0.21292	35.8375	1.6962	35.35861	90.70252	35.8375	94.53456	35.35861	4.84E-05	35.8375	2.32E-04	35.35861	1.13E-09	35.8375	1.04E-09
35.52528	0.09095	36.00417	1.72533	35.52528	89.80163	36.00417	95.11997	35.52528	2.07E-05	36.00417	2.36E-04	35.52528	1.12E-09	36.00417	1.05E-09
35.69194	0.0589	36.17083	1.7546	35.69194	89.46175	36.17083	95.70241	35.69194	1.34E-05	36.17083	2.40E-04	35.69194	1.12E-09	36.17083	1.06E-09
35.85861	0.0475	36.3375	1.78388	35.85861	89.14879	36.3375	96.27893	35.85861	1.08E-05	36.3375	2.44E-04	35.85861	1.11E-09	36.3375	1.06E-09
36.02528	0.04361	36.50417	1.81303	36.02528	88.84532	36.50417	96.84904	36.02528	9.91E-06	36.50417	2.48E-04	36.02528	1.11E-09	36.50417	1.07E-09
36.19194	0.04279	36.67083	1.84189	36.19194	88.54767	36.67083	97.41026	36.19194	9.73E-06	36.67083	2.52E-04	36.19194	1.11E-09	36.67083	1.07E-09
36.35861	0.04329	36.8375	1.87034	36.35861	88.25317	36.8375	97.9616	36.35861	9.84E-06	36.8375	2.56E-04	36.35861	1.10E-09	36.8375	1.08E-09
36.52528	0.04439	37.00417	1.8982	36.52528	87.96238	37.00417	98.5016	36.52528	1.01E-05	37.00417	2.60E-04	36.52528	1.10E-09	37.00417	1.09E-09
36.64194	0.04532	37.17083	1.92534	36.64194	87.76077	37.17083	99.02826	36.64194	1.03E-05	37.17083	2.63E-04	36.64194	1.10E-09	37.17083	1.09E-09
36.80861	0.2279	37.3375	1.9516	36.80861	87.6758	37.3375	99.54062	36.80861	3.60E-05	37.3375	2.67E-04	36.80861	9.69E-10	37.3375	1.10E-09
36.89194	0.23372	37.50417	1.97685	36.89194	82.20354	37.50417	100.03767	36.89194	3.20E-05	37.50417	2.70E-04	36.89194	9.06E-10	37.50417	1.10E-09
37.05861	0.27543	37.67083	2.00096	37.05861	82.75785	37.67083	100.51745	37.05861	3.77E-05	37.67083	2.74E-04	37.05861	9.12E-10	37.67083	1.11E-09
37.22528	0.31653	37.8375	2.02378	37.22528	83.30673	37.8375	100.97945	37.22528	4.33E-05	37.8375	2.77E-04	37.22528	9.19E-10	37.8375	1.11E-09
37.39194	0.35701	38.00417	2.04521	37.39194	83.84771	38.00417	101.42221	37.39194	4.89E-05	38.00417	2.80E-04	37.39194	9.24E-10	38.00417	1.12E-09
37.55861	0.39663	38.17083	2.06513	37.55861	84.37684	38.17083	101.84473	37.55861	5.43E-05	38.17083	2.82E-04	37.55861	9.30E-10	38.17083	1.12E-09
37.72528	0.43523	38.3375	2.08345	37.72528	84.89117	38.3375	102.24553	37.72528	5.95E-05	38.3375	2.85E-04	37.72528	9.36E-10	38.3375	1.13E-09
37.89194	0.47267	38.50417	2.10008	37.89194	85.38921	38.50417	102.62461	37.89194	6.47E-05	38.50417	2.87E-04	37.89194	9.41E-10	38.50417	1.13E-09
38.05861	0.50884	38.67083	2.11495	38.05861	85.868	38.67083	102.98	38.05861	6.96E-05	38.67083	2.89E-04	38.05861	9.47E-10	38.67083	1.14E-09
38.22528	0.54365	38.8375	2.12801	38.22528	86.32606	38.8375	103.3112	38.22528	7.44E-05	38.8375	2.91E-04	38.22528	9.52E-10	38.8375	1.14E-09
38.39194	0.57699	39.00417	2.13922	38.39194	86.7619	39.00417	103.61723	38.39194	7.89E-05	39.00417	2.92E-04	38.39194	9.57E-10	39.00417	1.14E-09
38.55861	0.6088	39.17083	2.14855	38.55861	87.17405	39.17083	103.8971	38.55861	8.33E-05	39.17083	2.94E-04	38.55861	9.61E-10	39.17083	1.15E-09
38.72528	0.639	39.3375	2.156	38.72528	87.56153	39.3375	104.14982	38.72528	8.74E-05	39.3375	2.95E-04	38.72528	9.65E-10	39.3375	1.15E-09
38.89194	0.66751	39.50417	2.16158	38.89194	87.92284	39.50417	104.37539	38.89194	9.13E-05	39.50417	2.95E-04	38.89194	9.69E-10	39.50417	1.15E-09
39.05861	0.6943	39.67083	2.1653	39.05861	88.2575	39.67083	104.57234	39.05861	9.49E-05	39.67083	2.96E-04	39.05861	9.73E-10	39.67083	1.15E-09
39.22528	0.71933	39.8375	2.16722	39.22528	88.56402	39.8375	104.74016	39.22528	9.84E-05	39.8375	2.96E-04	39.22528	9.76E-10	39.8375	1.15E-09
39.39194	0.74256	40.00417	2.16738	39.39194	88.84192	40.00417	104.87837	39.39194	1.02E-04	40.00417	2.96E-04	39.39194	9.80E-10	40.00417	1.16E-09
39.55861	0.76398	40.17083	2.16585	39.55861	89.0902	40.17083	104.98597	39.55861	1.04E-04	40.17083	2.96E-04	39.55861	9.82E-10	40.17083	1.16E-09
39.72528	0.7836	40.3375	2.16271	39.72528	89.30886	40.3375	105.06347	39.72528	1.07E-04	40.3375	2.96E-04	39.72528	9.85E-10	40.3375	1.16E-09
39.89194	0.80142	40.50417	2.15805	39.89194	89.49643	40.50417	105.10937	39.89194	1.10E-04	40.50417	2.95E-04	39.89194	9.87E-10	40.50417	1.16E-09
40.05861	0.81748	40.67083	2.15198	40.05861	89.6529	40.67083	105.12418	40.05861	1.12E-04	40.67083	2.94E-04	40.05861	9.89E-10	40.67083	1.16E-09
40.22528	0.83181	40.8375	2.14459	40.22528	89.77827	40.8375	105.1074	40.22528	1.14E-04	40.8375	2.93E-04	40.22528	9.90E-10	40.8375	1.16E-09
40.39194	0.84445	41.00417	2.13599	40.39194	89.87205	41.00417	105.05853	40.39194	1.15E-04	41.00417	2.92E-04	40.39194	9.91E-10	41.00417	1.16E-09
40.55861	0.85548	41.17083	2.12632	40.55861	89.93425	41.17083	104.97857	40.55861	1.17E-04	41.17083	2.91E-04	40.55861	9.92E-10	41.17083	1.16E-09
40.72528	0.86495	41.3375	2.11568	40.72528	89.96435	41.3375	104.86702	40.72528	1.18E-04	41.3375	2.89E-04	40.72528	9.92E-10	41.3375	1.16E-09
40.89194	0.87295	41.50417	2.1042	40.89194	89.96287	41.50417	104.72387	40.89194	1.19E-04	41.50417	2.88E-04	40.89194	9.92E-10	41.50417	1.15E-09
41.05861	0.87956	41.67083	2.09198	41.05861	89.9298	41.67083	104.54963	41.05861	1.20E-04	41.67083	2.86E-04	41.05861	9.92E-10	41.67083	1.15E-09
41.22528	0.88488	41.8375	2.07916	41.22528	89.86514	41.8375	104.34479	41.22528	1.21E-04	41.8375	2.84E-04	41.22528	9.91E-10	41.8375	1.15E-09
41.39194	0.88899	42.00417	2.06583	41.39194	89.76889	42.00417	104.10935	41.39194	1.22E-04	42.00417	2.82E-04	41.39194	9.90E-10	42.00417	1.15E-09
41.55861	0.892	42.17083	2.0521	41.55861	89.64204	42.17083	103.8433	41.55861	1.22E-04	42.17083	2.80E-04	41.55861	9.88E-10	42.17083	1.14E-09
41.72528	0.894	42.3375	2.03807	41.72528	89.48409	42.3375	103.54714	41.72528	1.22E-04	42.3375	2.79E-04	41.72528	9.87E-10	42.3375	1.14E-09
41.89194	0.8951	42.50417	2.02383	41.89194	89.29553	42.50417	103.22186	41.89194	1.22E-04	42.50417	2.77E-04	41.89194	9.85E-10	42.50417	1.14E-09
42.05861	0.8954	42.67083	2.0095	42.05861	89.07687	42.67083	102.86795	42.05861	1.22E-04	42.67083	2.75E-04	42.05861	9.82E-10	42.67083	1.13E-09
42.22528	0.89501	42.8375	1.99514	42.22528	88.8276	42.8375	102.4864	42.22528	1.22E-04	42.8375	2.73E-04	42.22528	9.79E-10	42.8375	1.13E-09
42.39194	0.89404	43.00417	1.98077	42.39194	88.54823	43.00417	102.08165	42.39194	1.22E-04	43.00417	2.71E-04	42.39194	9.76E-10	43.00417	1.13E-09
42.55861	0.89261	43.17083	1.96637	42.55861	88.23924	43.17083	101.66308	42.55861	1.22E-04	43.17083	2.69E-04	42.55861	9.73E-10	43.17083	1.12E-09
42.72528	0.89086	43.3375	1.95206	42.72528	87.9031	43.3375	101.24747	42.72528	1.22E-04	43.3375	2.67E-04	42.72528	9.69E-10	43.3375	1.12E-09
42.89194	0.88891	43.50417	1.93789	42.89194	87.54228	43.50417	100.83878	42.89194	1.22E-04	43.50417	2.65E-04	42.89194	9.65E-10	43.50417	1.11E-09
43.05861	0.88669	43.67083	1.92391	43.05861	87.16616	43.67083	100.4365	43.05861	1.21E-04	43.67083	2.63E-04	43.05861	9.61E-10	43.67083	1.11E-09
43.22528	0.88411	43.8375	1.91008	43.22528	86.78707	43.8375	100.03964	43.22528	1.21E-04	43.8375	2.61E-04	43.22528	9.57E-10	43.8375	1.10E-09
43.39194	0.88139	44.00417	1.89643	43.39194	86.41392	44.00417	99.64921	43.39194	1.20E-04	44.00417	2.59E-04	43.39194	9.53E-10	44.00417	1.10E-09
43.55861	0.8787	44.17083	1.88292	43.55861	86.04717	44.17083	99.26322	43.55861	1.20E-04	44.17083	2.57E-04	43.55861	9.49E-10	44.17083	1.09E-09
43.72528	0.87605	44.3375	1.86957	43.72528	85.68537	44.3375	98.88265	43.72528	1.20E-04	44.3375	2.56E-04	43.72528	9.45E-10	44.3375	1.09E-09
43.89194	0.87347	44.50417	1.85637	43.89194	85.32899	44.50417	98.50604	43.89194	1.19E-04	44.50417	2.54E-04	43.89194	9.41E-10	44.50417	1.09E-09
44.05861	0.87092	44.67083	1.84331	44.05861	84.97755	44.67083	98.13436	44.05861	1.19E-04	44.67083	2.52E-04	44.05861	9.37E-10	44.67083	1.08E-09
44.22528	0.86842	44.8375	1.83039	44.22528	84.63055	44.8375	97.76614	44.22528	1.19E-04	44.8375	2.50E-04	44.22528	9.33E-10	44.8375	1.08E-09
44.39194	0.86596	45.00417	1.81761	44.39194	84.288	45.00417	97.40186	44.39194	1.18E-04	45.00417	2.48E-04	44.39194	9.29E-10	45.00417	1.07E-09
44.55861	0.86353	45.17083	1.80497	44.55861	83.94939	45.17083	97.04154	44.55861	1.18E-04	45.17083	2.47E-04	44.55861	9.26E-10	45.17083	1.07E-09
44.72528	0.86114	45.3375	1.79246	44.72528	83.61522	45.3375	96.68418	44.72528	1.18E-04	45.3375	2.45E-04	44.72528	9.22E-10	45.3375	1.07E-09
44.89194	0.85878	45.50417	1.78008	44.89194	83.28402	45.50417	96.33027	44.89194	1.17E-04	45.50417	2.43E-04	44.89194	9.18E-10	45.50417	1.06E-09
45.05861	0.85646	45.67083	1.76784	45.05861	82.95677	45.67083	95.97932	45.05861	1.17E-04	45.67083	2.42E-04	45.05861	9.15E-10	45.67083	1.06E-09
45.22528	0.85416	45.8375	1.75571	45.22528	82.63247	45.8375	95.63133	45.22528	1.17E-04	45.8375	2.40E-04	45.22528	9.11E-10	45.8375	1.05E-09
45.39194	0.8519	46.00417	1.74372	45.39194	82.31114	46.00417	95.28582	45.39194	1.16E-04	46.00417	2.38E-04	45.39194	9.08E-10	46.00417	1.05E-09
45.55861	0.84966	46.17083	1.73185	45.55861	81.99327	46.17083	94.94326	45.55861	1.16E-04	46.17083	2.37E-04	45.55861	9.04E-10	46.17083	1.05E-09
45.72528	0.84744	46.3375	1.7201	45.72528	81.67786	46.3375	94.60268	45.72528	1.16E-04	46.3375	2.35E-04	45.72528	9.01E-10	46.3375	1.04E-09
45.89194	0.84525	46.50417	1.70847	45.89194	81.36541	46.50417	94.26457	45.89194	1.16E-04	46.50417	2.34E-04	45.89194	8.97E-10	46.50417	1.04E-09
46.05861	0.84308	46.67083	1.69696	46.05861	81.05543	46.67083	93.92892	46.05861	1.15E-04	46.67083	2.32E-04	46.05861	8.94E-10	46.67083	1.04E-09
46.22528	0.84093	46.8375	1.68557	46.22528	80.74792	46.8375	93.59525	46.22528	1.15E-04	46.8375	2.30E-04	46.22528	8.90E-10	46.8375	1.03E-09
46.39194	0.8388	47.00417	1.67429	46.39194	80.44239	47.00417	93.26355	46.39194	1.15E-04	47.00417	2.29E-04	46.39194	8.87E-10	47.00417	1.03E-09
46.55861	0.8367	47.17083	1.66313	46.55861	80.13932	47.17083	92.93383	46.55861	1.14E-04	47.17083	2.27E-04	46.55861	8.84E-10	47.17083	1.02E-09
46.72528	0.83461	47.3375	1.65208	46.72528	79.83872	47.3375	92.60608	46.72528	1.14E-04	47.3375	2.26E-04	46.72528	8.80E-10	47.3375	1.02E-09
46.89194	0.83254	47.50417	1.64114	46.89194	79.5396	47.50417	92.27982	46.89194	1.14E-04	47.50417	2.24E-04	46.89194	8.77E-10	47.50417	1.02E-09
46.90861	0.83233	47.67083	1.63031	46.90861	79.50998	47.67083	91.95552	46.90861	1.14E-04	47.67083	2.23E-04	46.90861	8.77E-10	47.67083	1.01E-09
47.07528	0.85862	47.8375	1.61959	47.07528	82.69899	47.8375	91.63271	47.07528	1.72E-04	47.8375	2.21E-04	47.07528	1.01E-09	47.8375	1.01E-09
47.15861	0.09991	48.00417	1.60898	47.15861	84.55408	48.00417	91.31138	47.15861	2.27E-05	48.00417	2.20E-04	47.15861	1.06E-09	48.00417	1.01E-09
47.32528	0.00799	48.17083	1.59847	47.32528	84.2522	48.17083	90.99202	47.32528	1.82E-06	48.17083	2.18E-04	47.32528	1.05E-09	48.17083	1.00E-09
47.49194	0.00182	48.3375	1.58807	47.49194	83.9519	48.3375	90.67365	47.49194	4.14E-07	48.3375	2.17E-04	47.49194	1.05E-09	48.3375	1.00E-09
47.65861	0.00133	48.50417	1.57777	47.65861	83.65318	48.50417	90.35726	47.65861	3.02E-07	48.50417	2.16E-04	47.65861	1.04E-09	48.50417	9.96E-10
47.82528	0.00126	48.67083	1.56756	47.82528	83.355	48.67083	90.04185	47.82528	2.87E-07	48.67083	2.14E-04	47.82528	1.04E-09	48.67083	9.93E-10
47.99194	0.00124	48.8375	1.55746	47.99194	83.05787	48.8375	89.72792	47.99194	2.81E-07	48.8375	2.13E-04	47.99194	1.04E-09	48.8375	9.89E-10
48.15861	0.00122	49.00417	1.54746	48.15861	82.76126	49.00417	89.41498	48.15861	2.77E-07	49.00417	2.12E-04	48.15861	1.03E-09	49.00417	9.86E-10
48.32528	0.0012	49.17083	1.53756	48.32528	82.46572	49.17083	89.10352	48.32528	2.73E-07	49.17083	2.10E-04	48.32528	1.03E-09	49.17083	9.82E-10
48.49194	0.00118	49.3375	1.52775	48.49194	82.17122	49.3375	88.79354	48.49194	2.69E-07	49.3375	2.09E-04	48.49194	1.03E-09	49.3375	9.79E-10
48.65861	0.00117	49.50417	1.51804	48.65861	81.87726	49.50417	88.48455	48.65861	2.65E-07	49.50417	2.07E-04	48.65861	1.02E-09	49.50417	9.76E-10
48.82528	0.00115	49.67083	1.50842	48.82528	81.58435	49.67083	88.17655	48.82528	2.61E-07	49.67083	2.06E-04	48.82528	1.02E-09	49.67083	9.72E-10
48.84194	0.00115	49.8375	1.4989	48.84194	81.55532	49.8375	87.86953	48.84194	2.61E-07	49.8375	2.05E-04	48.84194	1.02E-09	49.8375	9.69E-10
49.00861	0.00848	50.00417	1.48947	49.00861	81.26189	50.00417	87.564	49.00861	1.34E-06	50.00417	2.04E-04	49.00861	8.98E-10	50.00417	9.65E-10
49.09194	0.00986	50.17083	1.48012	49.09194	75.85934	50.17083	87.25945	49.09194	1.35E-06	50.17083	2.02E-04	49.09194	8.36E-10	50.17083	9.62E-10
49.25861	0.01527	50.3375	1.47087	49.25861	75.57454	50.3375	86.95588	49.25861	2.10E-06	50.3375	2.01E-04	49.25861	8.33E-10	50.3375	9.59E-10
49.42528	0.0212	50.50417	1.46171	49.42528	75.29122	50.50417	86.6538	49.42528	2.91E-06	50.50417	2.00E-04	49.42528	8.30E-10	50.50417	9.55E-10
49.59194	0.02716	50.67083	1.45263	49.59194	75.00937	50.67083	86.35222	49.59194	3.72E-06	50.67083	1.99E-04	49.59194	8.27E-10	50.67083	9.52E-10
49.75861	0.03309	50.8375	1.44364	49.75861	74.7295	50.8375	86.05162	49.75861	4.53E-06	50.8375	1.97E-04	49.75861	8.24E-10	50.8375	9.49E-10
49.92528	0.03899	51.00417	1.43474	49.92528	74.45111	51.00417	85.7525	49.92528	5.34E-06	51.00417	1.96E-04	49.92528	8.21E-10	51.00417	9.45E-10
50.09194	0.04485	51.17083	1.42592	50.09194	74.17371	51.17083	85.45387	50.09194	6.14E-06	51.17083	1.95E-04	50.09194	8.18E-10	51.17083	9.42E-10
50.25861	0.05066	51.3375	1.41718	50.25861	73.89779	51.3375	85.15623	50.25861	6.93E-06	51.3375	1.94E-04	50.25861	8.15E-10	51.3375	9.39E-10
50.42528	0.05643	51.50417	1.40853	50.42528	73.62335	51.50417	84.85958	50.42528	7.72E-06	51.50417	1.93E-04	50.42528	8.12E-10	51.50417	9.36E-10
50.59194	0.06216	51.67083	1.39995	50.59194	73.3499	51.67083	84.56392	50.59194	8.50E-06	51.67083	1.91E-04	50.59194	8.09E-10	51.67083	9.32E-10
50.75861	0.06784	51.8375	1.39146	50.75861	73.07793	51.8375	84.26924	50.75861	9.28E-06	51.8375	1.90E-04	50.75861	8.06E-10	51.8375	9.29E-10
50.92528	0.07346	52.00417	1.38305	50.92528	72.80694	52.00417	83.97555	50.92528	1.00E-05	52.00417	1.89E-04	50.92528	8.03E-10	52.00417	9.26E-10
51.09194	0.07904	52.17083	1.37472	51.09194	72.53744	52.17083	83.68235	51.09194	1.08E-05	52.17083	1.88E-04	51.09194	8.00E-10	52.17083	9.23E-10
51.25861	0.08457	52.3375	1.36646	51.25861	72.26892	52.3375	83.39064	51.25861	1.16E-05	52.3375	1.87E-04	51.25861	7.97E-10	52.3375	9.19E-10
51.42528	0.09004	52.50417	1.35828	51.42528	72.0014	52.50417	83.09942	51.42528	1.23E-05	52.50417	1.86E-04	51.42528	7.94E-10	52.50417	9.16E-10
51.59194	0.09547	52.67083	1.35018	51.59194	71.73535	52.67083	82.80869	51.59194	1.31E-05	52.67083	1.85E-04	51.59194	7.91E-10	52.67083	9.13E-10
51.75861	0.10083	52.8375	1.34215	51.75861	71.47029	52.8375	82.51944	51.75861	1.38E-05	52.8375	1.83E-04	51.75861	7.88E-10	52.8375	9.10E-10
51.92528	0.10615	53.00417	1.33419	51.92528	71.20572	53.00417	82.23118	51.92528	1.45E-05	53.00417	1.82E-04	51.92528	7.85E-10	53.00417	9.07E-10
52.09194	0.1114	53.17083	1.32618	52.09194	70.94263	53.17083	81.95625	52.09194	1.52E-05	53.17083	1.81E-04	52.09194	7.82E-10	53.17083	9.04E-10
52.25861	0.11661	53.3375	1.31902	52.25861	70.68053	53.3375	81.7134	52.25861	1.59E-05	53.3375	1.80E-04	52.25861	7.79E-10	53.3375	9.01E-10
52.42528	0.12176	53.50417	1.31337	52.42528	70.41942	53.50417	81.49671	52.42528	1.67E-05	53.50417	1.80E-04	52.42528	7.76E-10	53.50417	8.99E-10
52.59194	0.12685	53.67083	1.30834	52.59194	70.15929	53.67083	81.29976	52.59194	1.73E-05	53.67083	1.79E-04	52.59194	7.74E-10	53.67083	8.96E-10
52.75861	0.13189	53.8375	1.30373	52.75861	69.90016	53.8375	81.12404	52.75861	1.80E-05	53.8375	1.78E-04	52.75861	7.71E-10	53.8375	8.94E-10
52.92528	0.13687	54.00417	1.2997	52.92528	69.64201	54.00417	80.97054	52.92528	1.87E-05	54.00417	1.78E-04	52.92528	7.68E-10	54.00417	8.93E-10
53.09194	0.14176	54.17083	1.29642	53.09194	69.3878	54.17083	80.84072	53.09194	1.94E-05	54.17083	1.77E-04	53.09194	7.65E-10	54.17083	8.91E-10
53.25861	0.14744	54.3375	1.29401	53.25861	69.16174	54.3375	80.73657	53.25861	2.02E-05	54.3375	1.77E-04	53.25861	7.63E-10	54.3375	8.90E-10
53.42528	0.15598	54.50417	1.29254	53.42528	68.97219	54.50417	80.65957	53.42528	2.13E-05	54.50417	1.77E-04	53.42528	7.60E-10	54.50417	8.89E-10
53.59194	0.16572	54.67083	1.29202	53.59194	68.80585	54.67083	80.61021	53.59194	2.27E-05	54.67083	1.77E-04	53.59194	7.59E-10	54.67083	8.89E-10
53.75861	0.17539	54.8375	1.29246	53.75861	68.66172	54.8375	80.58997	53.75861	2.40E-05	54.8375	1.77E-04	53.75861	7.57E-10	54.8375	8.89E-10
53.92528	0.18479	55.00417	1.29387	53.92528	68.53931	55.00417	80.59935	53.92528	2.53E-05	55.00417	1.77E-04	53.92528	7.56E-10	55.00417	8.89E-10
54.09194	0.19428	55.17083	1.29625	54.09194	68.4396	55.17083	80.64032	54.09194	2.66E-05	55.17083	1.77E-04	54.09194	7.55E-10	55.17083	8.89E-10
54.25861	0.2043	55.3375	1.29962	54.25861	68.36359	55.3375	80.71238	54.25861	2.79E-05	55.3375	1.78E-04	54.25861	7.54E-10	55.3375	8.90E-10
54.42528	0.21511	55.50417	1.30399	54.42528	68.31226	55.50417	80.81653	54.42528	2.94E-05	55.50417	1.78E-04	54.42528	7.53E-10	55.50417	8.91E-10
54.59194	0.22679	55.67083	1.30937	54.59194	68.28659	55.67083	80.95326	54.59194	3.10E-05	55.67083	1.79E-04	54.59194	7.53E-10	55.67083	8.93E-10
54.75861	0.23936	55.8375	1.31578	54.75861	68.28758	55.8375	81.12256	54.75861	3.27E-05	55.8375	1.80E-04	54.75861	7.53E-10	55.8375	8.94E-10
54.92528	0.25284	56.00417	1.32322	54.92528	68.3167	56.00417	81.32494	54.92528	3.46E-05	56.00417	1.81E-04	54.92528	7.53E-10	56.00417	8.97E-10
55.09194	0.26723	56.17083	1.33172	55.09194	68.37346	56.17083	81.55989	55.09194	3.65E-05	56.17083	1.82E-04	55.09194	7.54E-10	56.17083	8.99E-10
55.25861	0.28253	56.3375	1.34126	55.25861	68.45984	56.3375	81.82693	55.25861	3.86E-05	56.3375	1.83E-04	55.25861	7.55E-10	56.3375	9.02E-10
55.42528	0.29876	56.50417	1.35188	55.42528	68.57584	56.50417	82.12604	55.42528	4.09E-05	56.50417	1.85E-04	55.42528	7.56E-10	56.50417	9.06E-10
55.59194	0.31593	56.67083	1.36357	55.59194	68.72244	56.67083	82.45626	55.59194	4.32E-05	56.67083	1.86E-04	55.59194	7.58E-10	56.67083	9.09E-10
55.75861	0.33405	56.8375	1.37634	55.75861	68.89914	56.8375	82.81659	55.75861	4.57E-05	56.8375	1.88E-04	55.75861	7.60E-10	56.8375	9.13E-10
55.92528	0.35311	57.00417	1.39019	55.92528	69.10695	57.00417	83.20603	55.92528	4.83E-05	57.00417	1.90E-04	55.92528	7.62E-10	57.00417	9.17E-10
56.09194	0.37313	57.17083	1.40514	56.09194	69.34634	57.17083	83.62362	56.09194	5.10E-05	57.17083	1.92E-04	56.09194	7.65E-10	57.17083	9.22E-10
56.25861	0.39412	57.3375	1.42117	56.25861	69.61584	57.3375	84.06835	56.25861	5.39E-05	57.3375	1.94E-04	56.25861	7.68E-10	57.3375	9.27E-10
56.42528	0.41606	57.50417	1.43828	56.42528	69.91644	57.50417	84.53825	56.42528	5.69E-05	57.50417	1.97E-04	56.42528	7.71E-10	57.50417	9.32E-10
56.59194	0.43898	57.67083	1.45646	56.59194	70.24715	57.67083	85.03234	56.59194	6.00E-05	57.67083	1.99E-04	56.59194	7.75E-10	57.67083	9.38E-10
56.75861	0.46285	57.8375	1.47571	56.75861	70.60797	57.8375	85.54815	56.75861	6.33E-05	57.8375	2.02E-04	56.75861	7.79E-10	57.8375	9.43E-10
56.92528	0.48769	58.00417	1.496	56.92528	70.99742	58.00417	86.08518	56.92528	6.67E-05	58.00417	2.05E-04	56.92528	7.83E-10	58.00417	9.49E-10
57.09194	0.51348	58.17083	1.51731	57.09194	71.4155	58.17083	86.64048	57.09194	7.02E-05	58.17083	2.07E-04	57.09194	7.87E-10	58.17083	9.55E-10
57.25861	0.54023	58.3375	1.53962	57.25861	71.86072	58.3375	87.21255	57.25861	7.39E-05	58.3375	2.10E-04	57.25861	7.92E-10	58.3375	9.62E-10
57.42528	0.56792	58.50417	1.56287	57.42528	72.33161	58.50417	87.79993	57.42528	7.77E-05	58.50417	2.14E-04	57.42528	7.98E-10	58.50417	9.68E-10
57.59194	0.59653	58.67083	1.58704	57.59194	72.82768	58.67083	88.40064	57.59194	8.16E-05	58.67083	2.17E-04	57.59194	8.03E-10	58.67083	9.75E-10
57.75861	0.62606	58.8375	1.61207	57.75861	73.34694	58.8375	89.01171	57.75861	8.56E-05	58.8375	2.20E-04	57.75861	8.09E-10	58.8375	9.81E-10
57.92528	0.65648	59.00417	1.63788	57.92528	73.88841	59.00417	89.63216	57.92528	8.98E-05	59.00417	2.24E-04	57.92528	8.15E-10	59.00417	9.88E-10
58.09194	0.68776	59.17083	1.66442	58.09194	74.45013	59.17083	90.25953	58.09194	9.41E-05	59.17083	2.28E-04	58.09194	8.21E-10	59.17083	9.95E-10
58.25861	0.71988	59.3375	1.6916	58.25861	75.0306	59.3375	90.89232	58.25861	9.84E-05	59.3375	2.31E-04	58.25861	8.27E-10	59.3375	1.00E-09
58.42528	0.7528	59.50417	1.71933	58.42528	75.62735	59.50417	91.52807	58.42528	1.03E-04	59.50417	2.35E-04	58.42528	8.34E-10	59.50417	1.01E-09
58.59194	0.78648	59.67083	1.74751	58.59194	76.23991	59.67083	92.16481	58.59194	1.08E-04	59.67083	2.39E-04	58.59194	8.41E-10	59.67083	1.02E-09
58.75861	0.82087	59.8375	1.77604	58.75861	76.86529	59.8375	92.80056	58.75861	1.12E-04	59.8375	2.43E-04	58.75861	8.48E-10	59.8375	1.02E-09
58.92528	0.85591	60.00417	1.8048	58.92528	77.50203	60.00417	93.43434	58.92528	1.17E-04	60.00417	2.47E-04	58.92528	8.55E-10	60.00417	1.03E-09
59.09194	0.89154	60.17083	1.83366	59.09194	78.14815	60.17083	94.06318	59.09194	1.22E-04	60.17083	2.51E-04	59.09194	8.62E-10	60.17083	1.04E-09
59.10861	0.89513	60.3375	1.8625	59.10861	78.21331	60.3375	94.6861	59.10861	1.22E-04	60.3375	2.55E-04	59.10861	8.62E-10	60.3375	1.04E-09
59.27528	0.96694	60.50417	1.89117	59.27528	82.2404	60.50417	95.30112	59.27528	1.94E-04	60.50417	2.59E-04	59.27528	1.00E-09	60.50417	1.05E-09
59.35861	0.08804	60.67083	1.91955	59.35861	84.25009	60.67083	95.90676	59.35861	2.00E-05	60.67083	2.62E-04	59.35861	1.05E-09	60.67083	1.06E-09
59.52528	0.00974	60.8375	1.94748	59.52528	83.97512	60.8375	96.50155	59.52528	2.21E-06	60.8375	2.66E-04	59.52528	1.05E-09	60.8375	1.06E-09
59.69194	0.00822	61.00417	1.97483	59.69194	83.70913	61.00417	97.08399	59.69194	1.87E-06	61.00417	2.70E-04	59.69194	1.05E-09	61.00417	1.07E-09
59.85861	0.00821	61.17083	2.00146	59.85861	83.44736	61.17083	97.65261	59.85861	1.87E-06	61.17083	2.74E-04	59.85861	1.04E-09	61.17083	1.08E-09
60.02528	0.00825	61.3375	2.02722	60.02528	83.18981	61.3375	98.20593	60.02528	1.87E-06	61.3375	2.77E-04	60.02528	1.04E-09	61.3375	1.08E-09
60.19194	0.00828	61.50417	2.05197	60.19194	82.93543	61.50417	98.74297	60.19194	1.88E-06	61.50417	2.81E-04	60.19194	1.04E-09	61.50417	1.09E-09
60.35861	0.0083	61.67083	2.07559	60.35861	82.68315	61.67083	99.26223	60.35861	1.89E-06	61.67083	2.84E-04	60.35861	1.03E-09	61.67083	1.09E-09
60.52528	0.00832	61.8375	2.09795	60.52528	82.43405	61.8375	99.76274	60.52528	1.89E-06	61.8375	2.87E-04	60.52528	1.03E-09	61.8375	1.10E-09
60.64194	0.00832	62.00417	2.11894	60.64194	82.26094	62.00417	100.24301	60.64194	1.89E-06	62.00417	2.90E-04	60.64194	1.03E-09	62.00417	1.11E-09
60.80861	0.07147	62.17083	2.13844	60.80861	82.22294	62.17083	100.70205	60.80861	1.13E-05	62.17083	2.92E-04	60.80861	9.09E-10	62.17083	1.11E-09
60.89194	0.08901	62.3375	2.15636	60.89194	77.13036	62.3375	101.13938	60.89194	1.22E-05	62.3375	2.95E-04	60.89194	8.50E-10	62.3375	1.12E-09
61.05861	0.13337	62.50417	2.17262	61.05861	77.74784	62.50417	101.5535	61.05861	1.83E-05	62.50417	2.97E-04	61.05861	8.57E-10	62.50417	1.12E-09
61.22528	0.17706	62.67083	2.18716	61.22528	78.36138	62.67083	101.94344	61.22528	2.43E-05	62.67083	2.99E-04	61.22528	8.64E-10	62.67083	1.12E-09
61.39194	0.22006	62.8375	2.1999	61.39194	78.96653	62.8375	102.30871	61.39194	3.01E-05	62.8375	3.01E-04	61.39194	8.71E-10	62.8375	1.13E-09
61.55861	0.26216	63.00417	2.21081	61.55861	79.55934	63.00417	102.64781	61.55861	3.59E-05	63.00417	3.02E-04	61.55861	8.77E-10	63.00417	1.13E-09
61.72528	0.30321	63.17083	2.21986	61.72528	80.13685	63.17083	102.96025	61.72528	4.15E-05	63.17083	3.03E-04	61.72528	8.84E-10	63.17083	1.14E-09
61.89194	0.34309	63.3375	2.22704	61.89194	80.69708	63.3375	103.24506	61.89194	4.69E-05	63.3375	3.04E-04	61.89194	8.90E-10	63.3375	1.14E-09
62.05861	0.3817	63.50417	2.23235	62.05861	81.23658	63.50417	103.50173	62.05861	5.22E-05	63.50417	3.05E-04	62.05861	8.96E-10	63.50417	1.14E-09
62.22528	0.41894	63.67083	2.23581	62.22528	81.75486	63.67083	103.72928	62.22528	5.73E-05	63.67083	3.06E-04	62.22528	9.01E-10	63.67083	1.14E-09
62.39194	0.45472	63.8375	2.23744	62.39194	82.24994	63.8375	103.92672	62.39194	6.22E-05	63.8375	3.06E-04	62.39194	9.07E-10	63.8375	1.15E-09
62.55861	0.48895	64.00417	2.2373	62.55861	82.72033	64.00417	104.09404	62.55861	6.69E-05	64.00417	3.06E-04	62.55861	9.12E-10	64.00417	1.15E-09
62.72528	0.52155	64.17083	2.23544	62.72528	83.16506	64.17083	104.23028	62.72528	7.13E-05	64.17083	3.06E-04	62.72528	9.17E-10	64.17083	1.15E-09
62.89194	0.55246	64.3375	2.23194	62.89194	83.58265	64.3375	104.33443	62.89194	7.56E-05	64.3375	3.05E-04	62.89194	9.22E-10	64.3375	1.15E-09
63.05861	0.58163	64.50417	2.22686	63.05861	83.9716	64.50417	104.40748	63.05861	7.95E-05	64.50417	3.04E-04	63.05861	9.26E-10	64.50417	1.15E-09
63.22528	0.60901	64.67083	2.22031	63.22528	84.33193	64.67083	104.44746	63.22528	8.33E-05	64.67083	3.04E-04	63.22528	9.30E-10	64.67083	1.15E-09
63.39194	0.63456	64.8375	2.21237	63.39194	84.66264	64.8375	104.45486	63.39194	8.68E-05	64.8375	3.02E-04	63.39194	9.33E-10	64.8375	1.15E-09
63.55861	0.65827	65.00417	2.20316	63.55861	84.96225	65.00417	104.42969	63.55861	9.00E-05	65.00417	3.01E-04	63.55861	9.37E-10	65.00417	1.15E-09
63.72528	0.68014	65.17083	2.19277	63.72528	85.23077	65.17083	104.37145	63.72528	9.30E-05	65.17083	3.00E-04	63.72528	9.40E-10	65.17083	1.15E-09
63.89194	0.70015	65.3375	2.18132	63.89194	85.46769	65.3375	104.27964	63.89194	9.57E-05	65.3375	2.98E-04	63.89194	9.42E-10	65.3375	1.15E-09
64.05861	0.71834	65.50417	2.16891	64.05861	85.67204	65.50417	104.15476	64.05861	9.82E-05	65.50417	2.96E-04	64.05861	9.45E-10	65.50417	1.15E-09
64.22528	0.73472	65.67083	2.15566	64.22528	85.84332	65.67083	103.99631	64.22528	1.00E-04	65.67083	2.95E-04	64.22528	9.46E-10	65.67083	1.15E-09
64.39194	0.74935	65.8375	2.14168	64.39194	85.98202	65.8375	103.8048	64.39194	1.02E-04	65.8375	2.93E-04	64.39194	9.48E-10	65.8375	1.14E-09
64.55861	0.76227	66.00417	2.12707	64.55861	86.08666	66.00417	103.58021	64.55861	1.04E-04	66.00417	2.91E-04	64.55861	9.49E-10	66.00417	1.14E-09
64.72528	0.77353	66.17083	2.11193	64.72528	86.15823	66.17083	103.32206	64.72528	1.06E-04	66.17083	2.89E-04	64.72528	9.50E-10	66.17083	1.14E-09
64.89194	0.78321	66.3375	2.09634	64.89194	86.19624	66.3375	103.03133	64.89194	1.07E-04	66.3375	2.87E-04	64.89194	9.50E-10	66.3375	1.14E-09
65.05861	0.79139	66.50417	2.0804	65.05861	86.20019	66.50417	102.70803	65.05861	1.08E-04	66.50417	2.84E-04	65.05861	9.50E-10	66.50417	1.13E-09
65.22528	0.79815	66.67083	2.06421	65.22528	86.17057	66.67083	102.35412	65.22528	1.09E-04	66.67083	2.82E-04	65.22528	9.50E-10	66.67083	1.13E-09
65.39194	0.80356	66.8375	2.04783	65.39194	86.10739	66.8375	101.97109	65.39194	1.10E-04	66.8375	2.80E-04	65.39194	9.49E-10	66.8375	1.12E-09
65.55861	0.80773	67.00417	2.03128	65.55861	86.01015	67.00417	101.56486	65.55861	1.10E-04	67.00417	2.78E-04	65.55861	9.48E-10	67.00417	1.12E-09
65.72528	0.81073	67.17083	2.01461	65.72528	85.87886	67.17083	101.14629	65.72528	1.11E-04	67.17083	2.75E-04	65.72528	9.47E-10	67.17083	1.12E-09
65.89194	0.81268	67.3375	1.99802	65.89194	85.714	67.3375	100.73167	65.89194	1.11E-04	67.3375	2.73E-04	65.89194	9.45E-10	67.3375	1.11E-09
66.05861	0.81366	67.50417	1.98164	66.05861	85.51508	67.50417	100.32396	66.05861	1.11E-04	67.50417	2.71E-04	66.05861	9.43E-10	67.50417	1.11E-09
66.22528	0.81377	67.67083	1.96548	66.22528	85.2821	67.67083	99.92217	66.22528	1.11E-04	67.67083	2.69E-04	66.22528	9.40E-10	67.67083	1.10E-09
66.39194	0.81312	67.8375	1.94953	66.39194	85.01506	67.8375	99.5268	66.39194	1.11E-04	67.8375	2.66E-04	66.39194	9.37E-10	67.8375	1.10E-09
66.55861	0.8118	68.00417	1.9338	66.55861	84.71594	68.00417	99.13686	66.55861	1.11E-04	68.00417	2.64E-04	66.55861	9.34E-10	68.00417	1.09E-09
66.72528	0.80995	68.17083	1.91826	66.72528	84.38622	68.17083	98.75185	66.72528	1.11E-04	68.17083	2.62E-04	66.72528	9.30E-10	68.17083	1.09E-09
66.89194	0.80769	68.3375	1.90293	66.89194	84.03231	68.3375	98.37178	66.89194	1.10E-04	68.3375	2.60E-04	66.89194	9.27E-10	68.3375	1.08E-09
67.05861	0.80493	68.50417	1.88779	67.05861	83.6636	68.50417	97.99615	67.05861	1.10E-04	68.50417	2.58E-04	67.05861	9.22E-10	68.50417	1.08E-09
67.22528	0.80165	68.67083	1.87284	67.22528	83.29439	68.67083	97.62497	67.22528	1.10E-04	68.67083	2.56E-04	67.22528	9.18E-10	68.67083	1.08E-09
67.39194	0.79824	68.8375	1.85808	67.39194	82.93061	68.8375	97.25773	67.39194	1.09E-04	68.8375	2.54E-04	67.39194	9.14E-10	68.8375	1.07E-09
67.55861	0.79488	69.00417	1.84351	67.55861	82.57275	69.00417	96.89445	67.55861	1.09E-04	69.00417	2.52E-04	67.55861	9.10E-10	69.00417	1.07E-09
67.72528	0.7916	69.17083	1.82912	67.72528	82.22032	69.17083	96.53462	67.72528	1.08E-04	69.17083	2.50E-04	67.72528	9.07E-10	69.17083	1.06E-09
67.89194	0.78839	69.3375	1.8149	67.89194	81.87283	69.3375	96.17824	67.89194	1.08E-04	69.3375	2.48E-04	67.89194	9.03E-10	69.3375	1.06E-09
68.05861	0.78524	69.50417	1.80086	68.05861	81.52978	69.50417	95.82482	68.05861	1.07E-04	69.50417	2.46E-04	68.05861	8.99E-10	69.50417	1.06E-09
68.22528	0.78215	69.67083	1.78699	68.22528	81.19167	69.67083	95.47486	68.22528	1.07E-04	69.67083	2.44E-04	68.22528	8.95E-10	69.67083	1.05E-09
68.39194	0.77912	69.8375	1.77329	68.39194	80.8575	69.8375	95.12737	68.39194	1.06E-04	69.8375	2.42E-04	68.39194	8.92E-10	69.8375	1.05E-09
68.55861	0.77615	70.00417	1.75976	68.55861	80.52729	70.00417	94.78284	68.55861	1.06E-04	70.00417	2.41E-04	68.55861	8.88E-10	70.00417	1.05E-09
68.72528	0.77324	70.17083	1.74639	68.72528	80.20102	70.17083	94.44078	68.72528	1.06E-04	70.17083	2.39E-04	68.72528	8.84E-10	70.17083	1.04E-09
68.89194	0.77038	70.3375	1.73318	68.89194	79.87771	70.3375	94.10119	68.89194	1.05E-04	70.3375	2.37E-04	68.89194	8.81E-10	70.3375	1.04E-09
69.05861	0.76757	70.50417	1.72013	69.05861	79.55836	70.50417	93.76357	69.05861	1.05E-04	70.50417	2.35E-04	69.05861	8.77E-10	70.50417	1.03E-09
69.22528	0.76481	70.67083	1.70724	69.22528	79.24245	70.67083	93.42891	69.22528	1.05E-04	70.67083	2.33E-04	69.22528	8.74E-10	70.67083	1.03E-09
69.39194	0.7621	70.8375	1.69449	69.39194	78.92902	70.8375	93.09573	69.39194	1.04E-04	70.8375	2.32E-04	69.39194	8.70E-10	70.8375	1.03E-09
69.55861	0.75944	71.00417	1.6819	69.55861	78.61855	71.00417	92.76453	69.55861	1.04E-04	71.00417	2.30E-04	69.55861	8.67E-10	71.00417	1.02E-09
69.72528	0.75682	71.17083	1.66946	69.72528	78.31104	71.17083	92.43579	69.72528	1.03E-04	71.17083	2.28E-04	69.72528	8.63E-10	71.17083	1.02E-09
69.89194	0.75424	71.3375	1.65717	69.89194	78.00649	71.3375	92.10854	69.89194	1.03E-04	71.3375	2.27E-04	69.89194	8.60E-10	71.3375	1.02E-09
70.05861	0.7517	71.50417	1.64501	70.05861	77.70391	71.50417	91.78326	70.05861	1.03E-04	71.50417	2.25E-04	70.05861	8.57E-10	71.50417	1.01E-09
70.22528	0.74921	71.67083	1.633	70.22528	77.40381	71.67083	91.45946	70.22528	1.02E-04	71.67083	2.23E-04	70.22528	8.53E-10	71.67083	1.01E-09
70.39194	0.74674	71.8375	1.62113	70.39194	77.10617	71.8375	91.13763	70.39194	1.02E-04	71.8375	2.22E-04	70.39194	8.50E-10	71.8375	1.00E-09
70.55861	0.74432	72.00417	1.60939	70.55861	76.811	72.00417	90.8168	70.55861	1.02E-04	72.00417	2.20E-04	70.55861	8.47E-10	72.00417	1.00E-09
70.72528	0.74193	72.17083	1.59779	70.72528	76.51731	72.17083	90.49793	70.72528	1.01E-04	72.17083	2.18E-04	70.72528	8.44E-10	72.17083	9.98E-10
70.89194	0.73958	72.3375	1.58632	70.89194	76.22609	72.3375	90.18055	70.89194	1.01E-04	72.3375	2.17E-04	70.89194	8.40E-10	72.3375	9.94E-10
70.90861	0.73934	72.50417	1.57499	70.90861	76.19696	72.50417	89.86465	70.90861	1.01E-04	72.50417	2.15E-04	70.90861	8.40E-10	72.50417	9.91E-10
71.07528	0.75816	72.67083	1.56378	71.07528	79.24824	72.67083	89.54973	71.07528	1.52E-04	72.67083	2.14E-04	71.07528	9.65E-10	72.67083	9.87E-10
71.15861	0.05681	72.8375	1.5527	71.15861	81.02439	72.8375	89.2363	71.15861	1.29E-05	72.8375	2.12E-04	71.15861	1.01E-09	72.8375	9.84E-10
71.32528	0.00149	73.00417	1.54174	71.32528	80.73254	73.00417	88.92435	71.32528	3.39E-07	73.00417	2.11E-04	71.32528	1.01E-09	73.00417	9.80E-10
71.49194	8.46E-04	73.17083	1.53091	71.49194	80.44174	73.17083	88.61388	71.49194	1.92E-07	73.17083	2.09E-04	71.49194	1.00E-09	73.17083	9.77E-10
71.65861	8.10E-04	73.3375	1.52019	71.65861	80.152	73.3375	88.3039	71.65861	1.84E-07	73.3375	2.08E-04	71.65861	1.00E-09	73.3375	9.74E-10
71.82528	7.95E-04	73.50417	1.5096	71.82528	79.86279	73.50417	87.99589	71.82528	1.81E-07	73.50417	2.06E-04	71.82528	9.97E-10	73.50417	9.70E-10
71.99194	7.84E-04	73.67083	1.49913	71.99194	79.5741	73.67083	87.68838	71.99194	1.78E-07	73.67083	2.05E-04	71.99194	9.94E-10	73.67083	9.67E-10
72.15861	7.76E-04	73.8375	1.48877	72.15861	79.28647	73.8375	87.38235	72.15861	1.76E-07	73.8375	2.03E-04	72.15861	9.90E-10	73.8375	9.63E-10
72.32528	7.68E-04	74.00417	1.47852	72.32528	78.99989	74.00417	87.07731	72.32528	1.75E-07	74.00417	2.02E-04	72.32528	9.87E-10	74.00417	9.60E-10
72.49194	7.60E-04	74.17083	1.46839	72.49194	78.71437	74.17083	86.77375	72.49194	1.73E-07	74.17083	2.01E-04	72.49194	9.83E-10	74.17083	9.57E-10
72.65861	7.53E-04	74.3375	1.45836	72.65861	78.42885	74.3375	86.47068	72.65861	1.71E-07	74.3375	1.99E-04	72.65861	9.79E-10	74.3375	9.53E-10
72.82528	7.46E-04	74.50417	1.44845	72.82528	78.14491	74.50417	86.16909	72.82528	1.70E-07	74.50417	1.98E-04	72.82528	9.76E-10	74.50417	9.50E-10
72.84194	7.45E-04	74.67083	1.43864	72.84194	78.11642	74.67083	85.86849	72.84194	1.69E-07	74.67083	1.97E-04	72.84194	9.75E-10	74.67083	9.47E-10
73.00861	0.00689	74.8375	1.42894	73.00861	77.8309	74.8375	85.56839	73.00861	1.09E-06	74.8375	1.95E-04	73.00861	8.60E-10	74.8375	9.43E-10
73.09194	0.00932	75.00417	1.41935	73.09194	77.68312	75.00417	85.26976	73.09194	1.20E-06	75.00417	1.94E-04	73.09194	8.01E-10	75.00417	9.40E-10
73.25861	0.01451	75.17083	1.40985	73.25861	72.37604	75.17083	84.97212	73.25861	1.99E-06	75.17083	1.93E-04	73.25861	7.98E-10	75.17083	9.37E-10
73.42528	0.02068	75.3375	1.40047	73.42528	72.10011	75.3375	84.67498	73.42528	2.83E-06	75.3375	1.91E-04	73.42528	7.95E-10	75.3375	9.34E-10
73.59194	0.02687	75.50417	1.39118	73.59194	71.82568	75.50417	84.37931	73.59194	3.68E-06	75.50417	1.90E-04	73.59194	7.92E-10	75.50417	9.30E-10
73.75861	0.03301	75.67083	1.38199	73.75861	71.55272	75.67083	84.08414	73.75861	4.52E-06	75.67083	1.89E-04	73.75861	7.89E-10	75.67083	9.27E-10
73.92528	0.03911	75.8375	1.37289	73.92528	71.28124	75.8375	83.78996	73.92528	5.35E-06	75.8375	1.88E-04	73.92528	7.86E-10	75.8375	9.24E-10
74.09194	0.04515	76.00417	1.3639	74.09194	71.01124	76.00417	83.49726	74.09194	6.18E-06	76.00417	1.86E-04	74.09194	7.83E-10	76.00417	9.21E-10
74.25861	0.05115	76.17083	1.355	74.25861	70.74272	76.17083	83.20455	74.25861	7.00E-06	76.17083	1.85E-04	74.25861	7.80E-10	76.17083	9.17E-10
74.42528	0.05708	76.3375	1.34619	74.42528	70.4752	76.3375	82.91333	74.42528	7.81E-06	76.3375	1.84E-04	74.42528	7.77E-10	76.3375	9.14E-10
74.59194	0.06296	76.50417	1.33747	74.59194	70.20915	76.50417	82.6226	74.59194	8.61E-06	76.50417	1.83E-04	74.59194	7.74E-10	76.50417	9.11E-10
74.75861	0.06878	76.67083	1.32885	74.75861	69.94458	76.67083	82.33286	74.75861	9.41E-06	76.67083	1.82E-04	74.75861	7.71E-10	76.67083	9.08E-10
74.92528	0.07454	76.8375	1.32032	74.92528	69.681	76.8375	82.04411	74.92528	1.02E-05	76.8375	1.80E-04	74.92528	7.68E-10	76.8375	9.05E-10
75.09194	0.08024	77.00417	1.31187	75.09194	69.41841	77.00417	81.75683	75.09194	1.10E-05	77.00417	1.79E-04	75.09194	7.65E-10	77.00417	9.01E-10
75.25861	0.08587	77.17083	1.30342	75.25861	69.15729	77.17083	81.48091	75.25861	1.17E-05	77.17083	1.78E-04	75.25861	7.63E-10	77.17083	8.98E-10
75.42528	0.09145	77.3375	1.29605	75.42528	68.89717	77.3375	81.23757	75.42528	1.25E-05	77.3375	1.77E-04	75.42528	7.60E-10	77.3375	8.96E-10
75.59194	0.09696	77.50417	1.29063	75.59194	68.63803	77.50417	81.02187	75.59194	1.33E-05	77.50417	1.76E-04	75.59194	7.57E-10	77.50417	8.93E-10
75.75861	0.10241	77.67083	1.28611	75.75861	68.37988	77.67083	80.82789	75.75861	1.40E-05	77.67083	1.76E-04	75.75861	7.54E-10	77.67083	8.91E-10
75.92528	0.10779	77.8375	1.28217	75.92528	68.12321	77.8375	80.65661	75.92528	1.47E-05	77.8375	1.75E-04	75.92528	7.51E-10	77.8375	8.89E-10
76.09194	0.11311	78.00417	1.27892	76.09194	67.86703	78.00417	80.511	76.09194	1.55E-05	78.00417	1.75E-04	76.09194	7.48E-10	78.00417	8.88E-10
76.25861	0.11836	78.17083	1.27657	76.25861	67.61234	78.17083	80.39155	76.25861	1.62E-05	78.17083	1.75E-04	76.25861	7.45E-10	78.17083	8.86E-10
76.42528	0.12355	78.3375	1.27529	76.42528	67.35863	78.3375	80.29974	76.42528	1.69E-05	78.3375	1.74E-04	76.42528	7.43E-10	78.3375	8.85E-10
76.59194	0.12868	78.50417	1.2751	76.59194	67.10541	78.50417	80.23754	76.59194	1.76E-05	78.50417	1.74E-04	76.59194	7.40E-10	78.50417	8.85E-10
76.75861	0.13374	78.67083	1.27602	76.75861	66.85368	78.67083	80.20497	76.75861	1.83E-05	78.67083	1.74E-04	76.75861	7.37E-10	78.67083	8.84E-10
76.92528	0.13873	78.8375	1.27801	76.92528	66.60244	78.8375	80.20398	76.92528	1.90E-05	78.8375	1.75E-04	76.92528	7.34E-10	78.8375	8.84E-10
77.09194	0.14364	79.00417	1.28108	77.09194	66.35515	79.00417	80.23409	77.09194	1.96E-05	79.00417	1.75E-04	77.09194	7.32E-10	79.00417	8.85E-10
77.25861	0.14947	79.17083	1.28522	77.25861	66.1355	79.17083	80.29678	77.25861	2.04E-05	79.17083	1.76E-04	77.25861	7.29E-10	79.17083	8.85E-10
77.42528	0.15854	79.3375	1.29042	77.42528	65.95484	79.3375	80.39204	77.42528	2.17E-05	79.3375	1.76E-04	77.42528	7.27E-10	79.3375	8.86E-10
77.59194	0.16902	79.50417	1.29668	77.59194	65.80034	79.50417	80.52038	77.59194	2.31E-05	79.50417	1.77E-04	77.59194	7.25E-10	79.50417	8.88E-10
77.75861	0.17956	79.67083	1.30401	77.75861	65.67004	79.67083	80.68178	77.75861	2.46E-05	79.67083	1.78E-04	77.75861	7.24E-10	79.67083	8.90E-10
77.92528	0.18991	79.8375	1.3124	77.92528	65.56441	79.8375	80.87675	77.92528	2.60E-05	79.8375	1.79E-04	77.92528	7.23E-10	79.8375	8.92E-10
78.09194	0.20047	80.00417	1.32186	78.09194	65.48543	80.00417	81.10479	78.09194	2.74E-05	80.00417	1.81E-04	78.09194	7.22E-10	80.00417	8.94E-10
78.25861	0.21172	80.17083	1.3324	78.25861	65.43262	80.17083	81.36591	78.25861	2.90E-05	80.17083	1.82E-04	78.25861	7.21E-10	80.17083	8.97E-10
78.42528	0.22386	80.3375	1.34402	78.42528	65.40794	80.3375	81.6596	78.42528	3.06E-05	80.3375	1.84E-04	78.42528	7.21E-10	80.3375	9.00E-10
78.59194	0.23697	80.50417	1.35671	78.59194	65.41188	80.50417	81.98438	78.59194	3.24E-05	80.50417	1.85E-04	78.59194	7.21E-10	80.50417	9.04E-10
78.75861	0.25102	80.67083	1.37049	78.75861	65.44446	80.67083	82.34076	78.75861	3.43E-05	80.67083	1.87E-04	78.75861	7.22E-10	80.67083	9.08E-10
78.92528	0.26601	80.8375	1.38535	78.92528	65.50715	80.8375	82.72675	78.92528	3.64E-05	80.8375	1.89E-04	78.92528	7.22E-10	80.8375	9.12E-10
79.09194	0.28194	81.00417	1.40129	79.09194	65.60044	81.00417	83.14236	79.09194	3.86E-05	81.00417	1.92E-04	79.09194	7.23E-10	81.00417	9.17E-10
79.25861	0.2988	81.17083	1.41831	79.25861	65.72384	81.17083	83.58512	79.25861	4.09E-05	81.17083	1.94E-04	79.25861	7.25E-10	81.17083	9.22E-10
79.42528	0.31659	81.3375	1.4364	79.42528	65.87932	81.3375	84.05453	79.42528	4.33E-05	81.3375	1.96E-04	79.42528	7.26E-10	81.3375	9.27E-10
79.59194	0.33531	81.50417	1.45555	79.59194	66.06541	81.50417	84.54911	79.59194	4.59E-05	81.50417	1.99E-04	79.59194	7.28E-10	81.50417	9.32E-10
79.75861	0.35496	81.67083	1.47575	79.75861	66.28358	81.67083	85.06689	79.75861	4.85E-05	81.67083	2.02E-04	79.75861	7.31E-10	81.67083	9.38E-10
79.92528	0.37554	81.8375	1.49699	79.92528	66.53383	81.8375	85.60639	79.92528	5.14E-05	81.8375	2.05E-04	79.92528	7.34E-10	81.8375	9.44E-10
80.09194	0.39705	82.00417	1.51924	80.09194	66.81518	82.00417	86.16564	80.09194	5.43E-05	82.00417	2.08E-04	80.09194	7.37E-10	82.00417	9.50E-10
80.25861	0.4195	82.17083	1.54246	80.25861	67.12763	82.17083	86.74364	80.25861	5.74E-05	82.17083	2.11E-04	80.25861	7.40E-10	82.17083	9.56E-10
80.42528	0.44288	82.3375	1.56664	80.42528	67.47166	82.3375	87.33793	80.42528	6.06E-05	82.3375	2.14E-04	80.42528	7.44E-10	82.3375	9.63E-10
80.59194	0.46719	82.50417	1.59173	80.59194	67.84581	82.50417	87.94604	80.59194	6.39E-05	82.50417	2.18E-04	80.59194	7.48E-10	82.50417	9.70E-10
80.75861	0.49242	82.67083	1.61767	80.75861	68.24957	82.67083	88.56698	80.75861	6.73E-05	82.67083	2.21E-04	80.75861	7.53E-10	82.67083	9.77E-10
80.92528	0.51858	82.8375	1.64442	80.92528	68.68245	82.8375	89.19879	80.92528	7.09E-05	82.8375	2.25E-04	80.92528	7.57E-10	82.8375	9.83E-10
81.09194	0.54566	83.00417	1.6719	81.09194	69.14347	83.00417	89.83849	81.09194	7.46E-05	83.00417	2.29E-04	81.09194	7.62E-10	83.00417	9.91E-10
81.25861	0.57364	83.17083	1.70004	81.25861	69.63115	83.17083	90.4851	81.25861	7.84E-05	83.17083	2.32E-04	81.25861	7.68E-10	83.17083	9.98E-10
81.42528	0.60252	83.3375	1.72876	81.42528	70.14498	83.3375	91.13566	81.42528	8.24E-05	83.3375	2.36E-04	81.42528	7.73E-10	83.3375	1.00E-09
81.59194	0.63228	83.50417	1.75797	81.59194	70.683	83.50417	91.78918	81.59194	8.65E-05	83.50417	2.40E-04	81.59194	7.79E-10	83.50417	1.01E-09
81.75861	0.66291	83.67083	1.78757	81.75861	71.24373	83.67083	92.4432	81.75861	9.06E-05	83.67083	2.44E-04	81.75861	7.86E-10	83.67083	1.02E-09
81.92528	0.69439	83.8375	1.81744	81.92528	71.82617	83.8375	93.09622	81.92528	9.50E-05	83.8375	2.48E-04	81.92528	7.92E-10	83.8375	1.03E-09
82.09194	0.72667	84.00417	1.84748	82.09194	72.42836	84.00417	93.74629	82.09194	9.94E-05	84.00417	2.53E-04	82.09194	7.99E-10	84.00417	1.03E-09
82.25861	0.75975	84.17083	1.87755	82.25861	73.04881	84.17083	94.39093	82.25861	1.04E-04	84.17083	2.57E-04	82.25861	8.05E-10	84.17083	1.04E-09
82.42528	0.79357	84.3375	1.90754	82.42528	73.68555	84.3375	95.02964	82.42528	1.09E-04	84.3375	2.61E-04	82.42528	8.12E-10	84.3375	1.05E-09
82.59194	0.8281	84.50417	1.9373	82.59194	74.3366	84.50417	95.65996	82.59194	1.13E-04	84.50417	2.65E-04	82.59194	8.20E-10	84.50417	1.05E-09
82.75861	0.86328	84.67083	1.96669	82.75861	75.00049	84.67083	96.27992	82.75861	1.18E-04	84.67083	2.69E-04	82.75861	8.27E-10	84.67083	1.06E-09
82.92528	0.89907	84.8375	1.99559	82.92528	75.67474	84.8375	96.88902	82.92528	1.23E-04	84.8375	2.73E-04	82.92528	8.34E-10	84.8375	1.07E-09
83.09194	0.93538	85.00417	2.02383	83.09194	76.35788	85.00417	97.48578	83.09194	1.28E-04	85.00417	2.77E-04	83.09194	8.42E-10	85.00417	1.07E-09
83.10861	0.93904	85.17083	2.0513	83.10861	76.42649	85.17083	98.06773	83.10861	1.28E-04	85.17083	2.80E-04	83.10861	8.43E-10	85.17083	1.08E-09
83.27528	1.00875	85.3375	2.07784	83.27528	80.40656	85.3375	98.63437	83.27528	2.03E-04	85.3375	2.84E-04	83.27528	9.79E-10	85.3375	1.09E-09
83.35861	0.07024	85.50417	2.10333	83.35861	82.39552	85.50417	99.18424	83.35861	1.60E-05	85.50417	2.88E-04	83.35861	1.03E-09	85.50417	1.09E-09
83.52528	0.00681	85.67083	2.12763	83.52528	82.16067	85.67083	99.71634	83.52528	1.55E-06	85.67083	2.91E-04	83.52528	1.03E-09	85.67083	1.10E-09
83.69194	0.00643	85.8375	2.15061	83.69194	81.92634	85.8375	100.22918	83.69194	1.46E-06	85.8375	2.94E-04	83.69194	1.02E-09	85.8375	1.11E-09
83.85861	0.00645	86.00417	2.17218	83.85861	81.69465	86.00417	100.72179	83.85861	1.47E-06	86.00417	2.97E-04	83.85861	1.02E-09	86.00417	1.11E-09
84.02528	0.00648	86.17083	2.19221	84.02528	81.46455	86.17083	101.19318	84.02528	1.47E-06	86.17083	3.00E-04	84.02528	1.02E-09	86.17083	1.12E-09
84.19194	0.0065	86.3375	2.21062	84.19194	81.23708	86.3375	101.64235	84.19194	1.48E-06	86.3375	3.02E-04	84.19194	1.01E-09	86.3375	1.12E-09
84.35861	0.00651	86.50417	2.22732	84.35861	81.0112	86.50417	102.06832	84.35861	1.48E-06	86.50417	3.04E-04	84.35861	1.01E-09	86.50417	1.13E-09
84.52528	0.00652	86.67083	2.24225	84.52528	80.7869	86.67083	102.46962	84.52528	1.48E-06	86.67083	3.07E-04	84.52528	1.01E-09	86.67083	1.13E-09
84.64194	0.00651	86.8375	2.25534	84.64194	80.63121	86.8375	102.84623	84.64194	1.48E-06	86.8375	3.08E-04	84.64194	1.01E-09	86.8375	1.13E-09
84.80861	0.06703	87.00417	2.26654	84.80861	80.6196	87.00417	103.19669	84.80861	1.06E-05	87.00417	3.10E-04	84.80861	8.91E-10	87.00417	1.14E-09
84.89194	0.08644	87.17083	2.27584	84.89194	75.64463	87.17083	103.51999	84.89194	1.19E-05	87.17083	3.11E-04	84.89194	8.34E-10	87.17083	1.14E-09
85.05861	0.13365	87.3375	2.28321	85.05861	76.29371	87.3375	103.81615	85.05861	1.83E-05	87.3375	3.12E-04	85.05861	8.41E-10	87.3375	1.14E-09
85.22528	0.1801	87.50417	2.28866	85.22528	76.93835	87.50417	104.08319	85.22528	2.47E-05	87.50417	3.13E-04	85.22528	8.48E-10	87.50417	1.15E-09
85.39194	0.22575	87.67083	2.29221	85.39194	77.57459	87.67083	104.3211	85.39194	3.09E-05	87.67083	3.13E-04	85.39194	8.55E-10	87.67083	1.15E-09
85.55861	0.27041	87.8375	2.29387	85.55861	78.19751	87.8375	104.5294	85.55861	3.70E-05	87.8375	3.14E-04	85.55861	8.62E-10	87.8375	1.15E-09
85.72528	0.31392	88.00417	2.29369	85.72528	78.80463	88.00417	104.7066	85.72528	4.30E-05	88.00417	3.14E-04	85.72528	8.69E-10	88.00417	1.15E-09
85.89194	0.35618	88.17083	2.29172	85.89194	79.39349	88.17083	104.8532	85.89194	4.87E-05	88.17083	3.13E-04	85.89194	8.75E-10	88.17083	1.16E-09
86.05861	0.39708	88.3375	2.28804	86.05861	79.96162	88.3375	104.96722	86.05861	5.43E-05	88.3375	3.13E-04	86.05861	8.82E-10	88.3375	1.16E-09
86.22528	0.43651	88.50417	2.28271	86.22528	80.50754	88.50417	105.04965	86.22528	5.97E-05	88.50417	3.12E-04	86.22528	8.88E-10	88.50417	1.16E-09
86.39194	0.47438	88.67083	2.27581	86.39194	81.02977	88.67083	105.09901	86.39194	6.49E-05	88.67083	3.11E-04	86.39194	8.93E-10	88.67083	1.16E-09
86.55861	0.51061	88.8375	2.26746	86.55861	81.52682	88.8375	105.1153	86.55861	6.98E-05	88.8375	3.10E-04	86.55861	8.99E-10	88.8375	1.16E-09
86.72528	0.54511	89.00417	2.25773	86.72528	81.99722	89.00417	105.09802	86.72528	7.45E-05	89.00417	3.09E-04	86.72528	9.04E-10	89.00417	1.16E-09
86.89194	0.57783	89.17083	2.24674	86.89194	82.44047	89.17083	105.04718	86.89194	7.90E-05	89.17083	3.07E-04	86.89194	9.09E-10	89.17083	1.16E-09
87.05861	0.6087	89.3375	2.23459	87.05861	82.85509	89.3375	104.96228	87.05861	8.32E-05	89.3375	3.05E-04	87.05861	9.14E-10	89.3375	1.16E-09
87.22528	0.63768	89.50417	2.22139	87.22528	83.24009	89.50417	104.84283	87.22528	8.72E-05	89.50417	3.04E-04	87.22528	9.18E-10	89.50417	1.16E-09
87.39194	0.66474	89.67083	2.20724	87.39194	83.59449	89.67083	104.68932	87.39194	9.09E-05	89.67083	3.02E-04	87.39194	9.22E-10	89.67083	1.15E-09
87.55861	0.68985	89.8375	2.19225	87.55861	83.91829	89.8375	104.50175	87.55861	9.43E-05	89.8375	3.00E-04	87.55861	9.25E-10	89.8375	1.15E-09
87.72528	0.713	90.00417	2.17652	87.72528	84.21001	90.00417	104.27914	87.72528	9.75E-05	90.00417	2.98E-04	87.72528	9.28E-10	90.00417	1.15E-09
87.89194	0.7342	90.17083	2.16015	87.89194	84.46915	90.17083	104.02149	87.89194	1.00E-04	90.17083	2.95E-04	87.89194	9.31E-10	90.17083	1.15E-09
88.05861	0.75346	90.3375	2.14322	88.05861	84.69571	90.3375	103.72977	88.05861	1.03E-04	90.3375	2.93E-04	88.05861	9.34E-10	90.3375	1.14E-09
88.22528	0.77081	90.50417	2.12582	88.22528	84.88821	90.50417	103.40449	88.22528	1.05E-04	90.50417	2.91E-04	88.22528	9.36E-10	90.50417	1.14E-09
88.39194	0.78629	90.67083	2.10804	88.39194	85.04715	90.67083	103.04663	88.39194	1.07E-04	90.67083	2.88E-04	88.39194	9.38E-10	90.67083	1.14E-09
88.55861	0.79994	90.8375	2.08995	88.55861	85.17252	90.8375	102.65916	88.55861	1.09E-04	90.8375	2.86E-04	88.55861	9.39E-10	90.8375	1.13E-09
88.72528	0.81183	91.00417	2.07159	88.72528	85.26285	91.00417	102.24849	88.72528	1.11E-04	91.00417	2.83E-04	88.72528	9.40E-10	91.00417	1.13E-09
88.89194	0.82201	91.17083	2.05304	88.89194	85.31863	91.17083	101.82696	88.89194	1.12E-04	91.17083	2.81E-04	88.89194	9.41E-10	91.17083	1.12E-09
89.05861	0.83056	91.3375	2.03462	89.05861	85.33936	91.3375	101.40987	89.05861	1.14E-04	91.3375	2.78E-04	89.05861	9.41E-10	91.3375	1.12E-09
89.22528	0.83757	91.50417	2.01644	89.22528	85.32554	91.50417	100.9992	89.22528	1.14E-04	91.50417	2.76E-04	89.22528	9.41E-10	91.50417	1.11E-09
89.39194	0.84311	91.67083	1.99854	89.39194	85.27667	91.67083	100.59543	89.39194	1.15E-04	91.67083	2.73E-04	89.39194	9.40E-10	91.67083	1.11E-09
89.55861	0.84727	91.8375	1.9809	89.55861	85.19227	91.8375	100.19759	89.55861	1.16E-04	91.8375	2.71E-04	89.55861	9.39E-10	91.8375	1.10E-09
89.72528	0.85016	92.00417	1.9635	89.72528	85.07232	92.00417	99.80519	89.72528	1.16E-04	92.00417	2.68E-04	89.72528	9.38E-10	92.00417	1.10E-09
89.89194	0.85184	92.17083	1.94635	89.89194	84.91634	92.17083	99.41771	89.89194	1.16E-04	92.17083	2.66E-04	89.89194	9.36E-10	92.17083	1.10E-09
90.05861	0.85243	92.3375	1.92944	90.05861	84.72483	92.3375	99.03567	90.05861	1.17E-04	92.3375	2.64E-04	90.05861	9.34E-10	92.3375	1.09E-09
90.22528	0.852	92.50417	1.91276	90.22528	84.49728	92.50417	98.65807	90.22528	1.16E-04	92.50417	2.61E-04	90.22528	9.32E-10	92.50417	1.09E-09
90.39194	0.85066	92.67083	1.89632	90.39194	84.23419	92.67083	98.28442	90.39194	1.16E-04	92.67083	2.59E-04	90.39194	9.29E-10	92.67083	1.08E-09
90.55861	0.84852	92.8375	1.88011	90.55861	83.93656	92.8375	97.91521	90.55861	1.16E-04	92.8375	2.57E-04	90.55861	9.25E-10	92.8375	1.08E-09
90.72528	0.84568	93.00417	1.86412	90.72528	83.60733	93.00417	97.54994	90.72528	1.16E-04	93.00417	2.55E-04	90.72528	9.22E-10	93.00417	1.08E-09
90.89194	0.84225	93.17083	1.84835	90.89194	83.25292	93.17083	97.18814	90.89194	1.15E-04	93.17083	2.53E-04	90.89194	9.18E-10	93.17083	1.07E-09
91.05861	0.83819	93.3375	1.83279	91.05861	82.8852	93.3375	96.82929	91.05861	1.15E-04	93.3375	2.51E-04	91.05861	9.14E-10	93.3375	1.07E-09
91.22528	0.83354	93.50417	1.81745	91.22528	82.51747	93.50417	96.4739	91.22528	1.14E-04	93.50417	2.48E-04	91.22528	9.10E-10	93.50417	1.06E-09
91.39194	0.82878	93.67083	1.80231	91.39194	82.15566	93.67083	96.12197	91.39194	1.13E-04	93.67083	2.46E-04	91.39194	9.06E-10	93.67083	1.06E-09
91.55861	0.82412	93.8375	1.78738	91.55861	81.79928	93.8375	95.7725	91.55861	1.13E-04	93.8375	2.44E-04	91.55861	9.02E-10	93.8375	1.06E-09
91.72528	0.81956	94.00417	1.77264	91.72528	81.44883	94.00417	95.4255	91.72528	1.12E-04	94.00417	2.42E-04	91.72528	8.98E-10	94.00417	1.05E-09
91.89194	0.8151	94.17083	1.75811	91.89194	81.10282	94.17083	95.08147	91.89194	1.11E-04	94.17083	2.40E-04	91.89194	8.94E-10	94.17083	1.05E-09
92.05861	0.81072	94.3375	1.74377	92.05861	80.76174	94.3375	94.7399	92.05861	1.11E-04	94.3375	2.38E-04	92.05861	8.90E-10	94.3375	1.04E-09
92.22528	0.80643	94.44472	1.73467	92.22528	80.42511	94.44472	94.52173	92.22528	1.10E-04	94.44472	2.37E-04	92.22528	8.87E-10	94.44472	1.04E-09
92.39194	0.80223	94.61139	1.72792	92.39194	80.09292	94.61139	94.5829	92.39194	1.10E-04	94.61139	2.35E-04	92.39194	8.83E-10	94.61139	1.04E-09
92.55861	0.79811	94.77806	1.72135	92.55861	79.76419	94.77806	94.64913	92.55861	1.09E-04	94.77806	2.33E-04	92.55861	8.79E-10	94.77806	1.03E-09
92.72528	0.79406	94.94472	1.71486	92.72528	79.4394	94.94472	94.71426	92.72528	1.09E-04	94.94472	2.31E-04	92.72528	8.76E-10	94.94472	1.03E-09
92.89194	0.7901	95.11139	1.70852	92.89194	79.11807	95.11139	94.78508	92.89194	1.08E-04	95.11139	2.30E-04	92.89194	8.72E-10	95.11139	1.03E-09
93.05861	0.78621	95.27806	1.70232	93.05861	78.7997	95.27806	94.85873	93.05861	1.07E-04	95.27806	2.28E-04	93.05861	8.69E-10	95.27806	1.02E-09
93.22528	0.7824	95.44472	1.69748	93.22528	78.48528	95.44472	95.00418	93.22528	1.07E-04	95.44472	2.26E-04	93.22528	8.65E-10	95.44472	1.02E-09
93.39194	0.77865	95.61139	1.69039	93.39194	78.17332	95.61139	95.0186	93.39194	1.06E-04	95.61139	2.24E-04	93.39194	8.62E-10	95.61139	1.02E-09
93.55861	0.77498	95.77806	1.68457	93.55861	77.86433	95.77806	95.10085	93.55861	1.06E-04	95.77806	2.22E-04	93.55861	8.59E-10	95.77806	1.01E-09
93.72528	0.77137	95.94472	1.67891	93.72528	77.5583	95.94472	95.18761	93.72528	1.05E-04	95.94472	2.21E-04	93.72528	8.55E-10	95.94472	1.01E-09
93.89194	0.76782	96.00028	1.67709	93.89194	77.25474	96.00028	95.21956	93.89194	1.05E-04	96.00028	2.20E-04	93.89194	8.52E-10	96.00028	1.01E-09
94.05861	0.76434	*	*	94.05861	76.95414	*	*	94.05861	1.04E-04	*	*	94.05861	8.48E-10	*	*
94.22528	0.76091	*	*	94.22528	76.65552	*	*	94.22528	1.04E-04	*	*	94.22528	8.45E-10	*	*
94.39194	0.75755	*	*	94.39194	76.35886	*	*	94.39194	1.04E-04	*	*	94.39194	8.42E-10	*	*
94.44472	0.7565	*	*	94.44472	76.26557	*	*	94.44472	1.03E-04	*	*	94.44472	8.41E-10	*	*
94.61139	0.75639	*	*	94.61139	76.29405	*	*	94.61139	1.03E-04	*	*	94.61139	8.38E-10	*	*
94.77806	0.75636	*	*	94.77806	76.32633	*	*	94.77806	1.03E-04	*	*	94.77806	8.34E-10	*	*
94.94472	0.75636	*	*	94.94472	76.35883	*	*	94.94472	1.02E-04	*	*	94.94472	8.31E-10	*	*
95.11139	0.75644	*	*	95.11139	76.39572	*	*	95.11139	1.02E-04	*	*	95.11139	8.28E-10	*	*
95.27806	0.75656	*	*	95.27806	76.43461	*	*	95.27806	1.01E-04	*	*	95.27806	8.25E-10	*	*
95.44472	0.75676	*	*	95.44472	76.478	*	*	95.44472	1.01E-04	*	*	95.44472	8.22E-10	*	*
95.61139	0.757	*	*	95.61139	76.52347	*	*	95.61139	1.00E-04	*	*	95.61139	8.19E-10	*	*
95.77806	0.75728	*	*	95.77806	76.56985	*	*	95.77806	1.00E-04	*	*	95.77806	8.16E-10	*	*
95.94472	0.75763	*	*	95.94472	76.62039	*	*	95.94472	9.96E-05	*	*	95.94472	8.13E-10	*	*
96.00028	0.75778	*	*	96.00028	76.63925	*	*	96.00028	9.95E-05	*	*	96.00028	8.11E-10	*	*
