TIME	Aqua: aOC(O)C(O)[O] + aO2 -> aOC(O)C(=O)O + aHO2	Aqua: aOC(O)C(O)(O)O[O] -> aHO2 + aOC(O)C(=O)O	Gas: O=N(=O)OC1C2OOC1(C)C([O])(O)C(=C2N(=O)=O)O -> CC(C(	Aqua: aOC(O)C(=O)O[O] -> aOC(O)C(=O)O + aHO2 + [aH2O]	Aqua: aO=C([O-])C(O)O[O] -> aHO2 + aOC(O)C(=O)[O-] + [aH	Aqua: aO=CC(O)[O] + aO2 -> aO=C(O)C=O + aHO2	other sources	Gas: O=C(O)C=O -> HO2 + HO2 + CO	Aqua: aOC(O)C(=O)[O-] + aHO -> aO=C([O-])[C](O)O + aO=C(	Gas: OH + O=C(O)C=O -> CO + HO2	Aqua: aOC(O)C(=O)[O-] + aNO3 -> aO=C([O-])[C](O)O + aO=C	other sinks
24.0278	7.27832E-14	3.48726E-14	3.54983E-17	6.02199E-15	1.34771E-14	3.55938E-15	1.1866E-14	0	-9.47093E-15	-1.37845E-20	-1.09913E-14	-6.56839E-15
24.1944	7.95063E-14	3.80549E-14	3.60361E-17	5.96606E-15	1.35471E-14	3.52298E-15	1.17945E-14	0	-9.70806E-15	-1.37932E-20	-1.12507E-14	-6.78317E-15
24.3611	8.39257E-14	4.01478E-14	3.67778E-17	5.91825E-15	1.36406E-14	3.49155E-15	1.17435E-14	0	-9.98334E-15	-1.38429E-20	-1.15225E-14	-7.04089E-15
24.5278	8.72457E-14	4.17206E-14	3.77168E-17	5.86949E-15	1.37285E-14	3.45949E-15	1.16988E-14	0	-1.02727E-14	-1.39358E-20	-1.18012E-14	-7.3106E-15
24.6944	8.99657E-14	4.30095E-14	3.88435E-17	5.81727E-15	1.3803E-14	3.42523E-15	1.16559E-14	0	-1.05671E-14	-1.4071E-20	-1.20844E-14	-7.58211E-15
24.8611	9.22975E-14	4.41147E-14	4.01463E-17	5.76121E-15	1.3863E-14	3.38854E-15	1.16132E-14	0	-1.0863E-14	-1.4235E-20	-1.23706E-14	-7.85145E-15
24.9444	9.33496E-14	4.46134E-14	4.086E-17	5.73177E-15	1.38878E-14	3.36931E-15	1.15918E-14	0	-1.10111E-14	-1.43297E-20	-1.25146E-14	-7.98469E-15
25.1111	5.96966E-16	4.00595E-16	4.88794E-17	5.81256E-16	4.45245E-16	3.00655E-16	5.86925E-15	0	-1.80661E-16	-2.7616E-16	-1.25677E-15	-4.45286E-15
25.1944	2.94722E-16	2.6311E-16	5.57225E-17	3.25848E-16	4.97496E-16	1.3632E-16	5.93753E-15	0	-1.76054E-16	-4.12366E-16	-1.3418E-15	-5.19851E-15
25.3611	5.57204E-17	1.5301E-16	6.46571E-17	1.3709E-16	4.4937E-16	2.4591E-17	6.32732E-15	0	-1.39743E-16	-4.36324E-16	-1.10645E-15	-6.3935E-15
25.5278	1.43088E-17	1.31846E-16	6.59734E-17	9.45405E-17	3.79515E-16	6.10586E-18	6.53998E-15	0	-1.17537E-16	-4.49682E-16	-8.91745E-16	-6.75018E-15
25.6944	8.67158E-18	1.28573E-16	6.37943E-17	8.22122E-17	3.31345E-16	3.65433E-18	6.73122E-15	0	-1.03804E-16	-4.60028E-16	-7.51176E-16	-6.99448E-15
25.8611	8.22133E-18	1.28199E-16	6.02506E-17	7.55789E-17	2.97915E-16	3.42466E-18	6.90384E-15	0	-9.51929E-17	-4.68387E-16	-6.5536E-16	-7.18911E-15
26.0278	8.4328E-18	1.28338E-16	5.63072E-17	7.10502E-17	2.7412E-16	3.48027E-18	7.05945E-15	0	-8.98147E-17	-4.7526E-16	-5.87812E-16	-7.34558E-15
26.1944	8.69173E-18	1.28641E-16	5.24088E-17	6.77575E-17	2.56895E-16	3.56093E-18	7.19923E-15	0	-8.66284E-17	-4.80935E-16	-5.39137E-16	-7.46881E-15
26.3611	8.92154E-18	1.29034E-16	4.87609E-17	6.5337E-17	2.44306E-16	3.63428E-18	7.32495E-15	0	-8.50068E-17	-4.85615E-16	-5.03563E-16	-7.56347E-15
26.5278	9.11862E-18	1.29488E-16	4.54517E-17	6.35628E-17	2.35083E-16	3.69781E-18	7.43834E-15	0	-8.45472E-17	-4.89463E-16	-4.77345E-16	-7.63389E-15
26.6944	9.28881E-18	1.29983E-16	4.25078E-17	6.22742E-17	2.28347E-16	3.75288E-18	7.54111E-15	0	-8.49753E-17	-4.92614E-16	-4.5794E-16	-7.68413E-15
26.8611	9.43639E-18	1.30508E-16	3.99229E-17	6.13523E-17	2.23474E-16	3.80191E-18	7.63478E-15	0	-8.60957E-17	-4.95187E-16	-4.43571E-16	-7.71787E-15
27.0278	9.56633E-18	1.3105E-16	3.76739E-17	6.07106E-17	2.2001E-16	3.84563E-18	7.72069E-15	0	-8.77635E-17	-4.97277E-16	-4.32967E-16	-7.73832E-15
27.1944	9.68257E-18	1.31604E-16	3.57297E-17	6.02816E-17	2.1762E-16	3.88489E-18	7.80001E-15	0	-8.98699E-17	-4.98968E-16	-4.25199E-16	-7.74821E-15
27.3611	9.78786E-18	1.32164E-16	3.40568E-17	6.0016E-17	2.1605E-16	3.92151E-18	7.87369E-15	0	-9.23292E-17	-5.00327E-16	-4.1958E-16	-7.74981E-15
27.5278	9.88522E-18	1.32724E-16	3.26219E-17	5.98755E-17	2.15111E-16	3.95578E-18	7.94255E-15	0	-9.50746E-17	-5.01408E-16	-4.15597E-16	-7.74499E-15
27.6944	9.97542E-18	1.33283E-16	3.1394E-17	5.98311E-17	2.14656E-16	3.98814E-18	8.00724E-15	0	-9.80527E-17	-5.02257E-16	-4.12865E-16	-7.73522E-15
27.8611	1.00612E-17	1.33838E-16	3.03449E-17	5.98603E-17	2.14575E-16	4.01948E-18	8.0683E-15	0	-1.01221E-16	-5.02908E-16	-4.11091E-16	-7.72172E-15
28.0278	1.01433E-17	1.34386E-16	2.94494E-17	5.99468E-17	2.14782E-16	4.04959E-18	8.12617E-15	0	-1.04545E-16	-5.03393E-16	-4.10053E-16	-7.70539E-15
28.1944	1.02225E-17	1.34926E-16	2.86855E-17	6.00768E-17	2.15212E-16	4.07899E-18	8.18121E-15	0	-1.07996E-16	-5.03734E-16	-4.09581E-16	-7.68699E-15
28.3611	1.02994E-17	1.35458E-16	2.80339E-17	6.024E-17	2.15814E-16	4.10769E-18	8.23372E-15	0	-1.11553E-16	-5.03952E-16	-4.09545E-16	-7.66705E-15
28.5278	1.03751E-17	1.35981E-16	2.74785E-17	6.04294E-17	2.16549E-16	4.13615E-18	8.28393E-15	0	-1.15195E-16	-5.04061E-16	-4.09845E-16	-7.64603E-15
28.6944	1.04495E-17	1.36495E-16	2.70048E-17	6.06383E-17	2.17385E-16	4.16422E-18	8.33205E-15	0	-1.18909E-16	-5.04076E-16	-4.10403E-16	-7.62425E-15
28.8611	1.05237E-17	1.36999E-16	2.66011E-17	6.08625E-17	2.183E-16	4.19221E-18	8.37825E-15	-6.82308E-24	-1.22681E-16	-5.04005E-16	-4.1116E-16	-7.60197E-15
29.0278	9.81272E-18	1.32898E-16	2.66577E-17	5.66349E-17	2.0339E-16	3.89581E-18	8.23306E-15	-3.28452E-16	-1.25872E-16	-5.0536E-16	-3.76303E-16	-6.98738E-15
29.1944	7.96258E-18	1.30344E-16	4.07277E-17	4.41473E-17	1.65859E-16	3.0669E-18	7.91824E-15	-3.58883E-15	-1.47516E-16	-5.7645E-16	-2.63226E-16	-5.43344E-15
29.3611	8.4937E-18	1.65243E-16	5.22254E-17	4.03606E-17	1.74355E-16	3.06243E-18	8.37514E-15	-9.3624E-15	-2.07797E-16	-8.46371E-16	-1.86559E-16	-5.45111E-15
29.5278	1.00443E-17	2.24841E-16	5.6167E-17	4.27837E-17	2.01669E-16	3.45026E-18	9.0721E-15	-1.57712E-14	-2.64782E-16	-1.24116E-15	-1.43062E-16	-6.20585E-15
29.6944	1.13199E-17	2.94317E-16	7.7265E-17	4.52795E-17	2.12623E-16	3.60193E-18	9.51566E-15	-2.19144E-14	-3.05637E-16	-1.67824E-15	-1.13199E-16	-6.41477E-15
29.8611	1.02848E-17	3.72986E-16	1.09238E-16	5.31481E-17	2.07373E-16	3.42522E-18	9.78267E-15	-2.74859E-14	-3.3281E-16	-2.20631E-15	-9.92836E-17	-6.02771E-15
30.0278	9.71902E-18	4.67654E-16	1.49956E-16	6.10678E-17	2.00146E-16	3.21837E-18	1.00735E-14	-3.24222E-14	-3.74219E-16	-2.8314E-15	-8.74491E-17	-5.50219E-15
30.1944	9.35474E-18	5.73768E-16	1.98963E-16	7.06067E-17	1.98522E-16	3.08121E-18	1.04728E-14	-3.67496E-14	-4.27964E-16	-3.53751E-15	-7.88849E-17	-5.08875E-15
30.3611	9.24479E-18	6.88398E-16	2.55891E-16	8.13666E-17	2.03005E-16	3.02813E-18	1.09729E-14	-4.05229E-14	-4.90813E-16	-4.3108E-15	-7.239E-17	-4.82244E-15
30.5278	9.35152E-18	8.09462E-16	3.20376E-16	9.30457E-17	2.12302E-16	3.04521E-18	1.15539E-14	-4.38025E-14	-5.60294E-16	-5.14065E-15	-6.72873E-17	-4.67952E-15
30.6944	9.63887E-18	9.35571E-16	3.92018E-16	1.05448E-16	2.25408E-16	3.12134E-18	1.22033E-14	-4.66451E-14	-6.35258E-16	-6.01812E-15	-6.31689E-17	-4.63498E-15
30.8611	1.00809E-17	1.06573E-15	4.70361E-16	1.1844E-16	2.41728E-16	3.24724E-18	1.29134E-14	-4.91016E-14	-7.15106E-16	-6.93501E-15	-5.97717E-17	-4.66971E-15
31.0278	1.06588E-17	1.19918E-15	5.54883E-16	1.3192E-16	2.60876E-16	3.41696E-18	1.36782E-14	-5.12164E-14	-7.99391E-16	-7.88326E-15	-5.69175E-17	-4.76898E-15
31.1944	1.1359E-17	1.33528E-15	6.44999E-16	1.4581E-16	2.84648E-16	3.62558E-18	1.44914E-14	-5.3028E-14	-8.87695E-16	-8.85481E-15	-5.44812E-17	-4.92248E-15
31.3611	1.21706E-17	1.4735E-15	7.40071E-16	1.60049E-16	3.06531E-16	3.86937E-18	1.53516E-14	-5.45698E-14	-9.79603E-16	-9.84154E-15	-5.23721E-17	-5.11631E-15
31.5278	1.30862E-17	1.61342E-15	8.39429E-16	1.74586E-16	3.3258E-16	4.14673E-18	1.62503E-14	-5.58707E-14	-1.07469E-15	-1.08353E-14	-5.05235E-17	-5.34695E-15
31.6944	1.41006E-17	1.75467E-15	9.42397E-16	1.89382E-16	3.60513E-16	4.45471E-18	1.71837E-14	-5.69559E-14	-1.17253E-15	-1.18281E-14	-4.88855E-17	-5.60636E-15
31.8611	1.52093E-17	1.89697E-15	1.04832E-15	2.04404E-16	3.9015E-16	4.79254E-18	1.81465E-14	-5.78474E-14	-1.27269E-15	-1.28121E-14	-4.7419E-17	-5.889E-15
32.0278	1.64108E-17	2.04007E-15	1.15658E-15	2.1963E-16	4.21319E-16	5.15933E-18	1.91333E-14	-5.8565E-14	-1.37471E-15	-1.37797E-14	-4.60947E-17	-6.19008E-15
32.1944	1.77022E-17	2.18383E-15	1.26663E-15	2.35046E-16	4.53857E-16	5.55434E-18	2.01388E-14	-5.91258E-14	-1.47818E-15	-1.47238E-14	-4.48884E-17	-6.50553E-15
32.3611	1.90829E-17	2.32812E-15	1.37801E-15	2.50639E-16	4.87605E-16	5.97744E-18	2.11576E-14	-5.95453E-14	-1.58263E-15	-1.56375E-14	-4.37824E-17	-6.83174E-15
32.5278	2.05509E-17	2.47289E-15	1.49035E-15	2.66406E-16	5.22402E-16	6.42743E-18	2.21843E-14	-5.98372E-14	-1.68766E-15	-1.65146E-14	-4.27615E-17	-7.1656E-15
32.6944	2.21054E-17	2.61812E-15	1.6034E-15	2.82347E-16	5.58094E-16	6.90462E-18	2.32137E-14	-6.00142E-14	-1.79284E-15	-1.73494E-14	-4.18139E-17	-7.5043E-15
32.8611	2.37426E-17	2.76382E-15	1.71699E-15	2.98466E-16	5.94528E-16	7.4078E-18	2.42412E-14	-6.00874E-14	-1.89778E-15	-1.81369E-14	-4.09313E-17	-7.84542E-15
33.0278	2.54649E-17	2.91004E-15	1.83105E-15	3.14768E-16	6.31551E-16	7.93657E-18	2.52623E-14	-6.00672E-14	-2.00209E-15	-1.88726E-14	-4.01032E-17	-8.18674E-15
33.1944	2.72638E-17	3.05682E-15	1.94561E-15	3.3126E-16	6.69012E-16	8.48965E-18	2.6273E-14	-5.9963E-14	-2.10542E-15	-1.95527E-14	-3.93259E-17	-8.52632E-15
33.3611	2.91371E-17	3.20423E-15	2.06075E-15	3.47946E-16	7.06763E-16	9.06543E-18	2.72698E-14	-5.97833E-14	-2.20745E-15	-2.01743E-14	-3.85932E-17	-8.86241E-15
33.5278	3.10796E-17	3.35229E-15	2.1766E-15	3.64832E-16	7.44659E-16	9.66278E-18	2.82495E-14	-5.95362E-14	-2.30785E-15	-2.07351E-14	-3.79017E-17	-9.19347E-15
33.6944	3.30842E-17	3.501E-15	2.29334E-15	3.81915E-16	7.82556E-16	1.02798E-17	2.92095E-14	-5.92288E-14	-2.40636E-15	-2.12333E-14	-3.72477E-17	-9.51812E-15
33.8611	3.51438E-17	3.65033E-15	2.41113E-15	3.99189E-16	8.20314E-16	1.09132E-17	3.01476E-14	-5.88679E-14	-2.50272E-15	-2.16681E-14	-3.66294E-17	-9.83511E-15
34.0278	3.72496E-17	3.80015E-15	2.53017E-15	4.16641E-16	8.57794E-16	1.15616E-17	3.10618E-14	-5.84595E-14	-2.59671E-15	-2.20392E-14	-3.60441E-17	-1.01434E-14
34.1944	3.93924E-17	3.95029E-15	2.65062E-15	4.34247E-16	8.94862E-16	1.22209E-17	3.19503E-14	-5.80096E-14	-2.6881E-15	-2.23468E-14	-3.54905E-17	-1.04419E-14
34.3611	4.15612E-17	4.10047E-15	2.77262E-15	4.51975E-16	9.31383E-16	1.28883E-17	3.28116E-14	-5.75232E-14	-2.77671E-15	-2.25918E-14	-3.4967E-17	-1.07298E-14
34.5278	4.37454E-17	4.25031E-15	2.8963E-15	4.69781E-16	9.67227E-16	1.35609E-17	3.36442E-14	-5.70052E-14	-2.86237E-15	-2.27755E-14	-3.44736E-17	-1.10063E-14
34.6944	4.59331E-17	4.39935E-15	3.02175E-15	4.8761E-16	1.00227E-15	1.4234E-17	3.44465E-14	-5.646E-14	-2.94493E-15	-2.28995E-14	-3.4009E-17	-1.12707E-14
34.8611	4.8112E-17	4.54702E-15	3.14904E-15	5.05396E-16	1.03637E-15	1.49048E-17	3.52172E-14	-5.58915E-14	-3.02423E-15	-2.2966E-14	-3.35735E-17	-1.15223E-14
35.0278	5.027E-17	4.69264E-15	3.27823E-15	5.2306E-16	1.06942E-15	1.5569E-17	3.59544E-14	-5.53035E-14	-3.10013E-15	-2.29771E-14	-3.31662E-17	-1.17605E-14
35.0833	5.11243E-17	4.75015E-15	3.33044E-15	5.30073E-16	1.08232E-15	1.58322E-17	3.62395E-14	-5.50636E-14	-3.12951E-15	-2.29667E-14	-3.3011E-17	-1.18519E-14
35.25	1.67667E-16	4.95492E-15	2.91174E-15	6.41917E-16	3.11095E-15	5.63823E-17	6.95353E-14	-2.10409E-14	-6.94469E-15	-7.27047E-15	-6.26003E-17	-2.64496E-14
35.3333	1.68E-13	8.17E-14	2.1141E-15	2.62324E-14	1.61293E-13	1.56491E-14	7.51208E-14	-3.87363E-19	-1.29531E-13	-2.44186E-20	-9.00936E-16	-3.34796E-14
35.5	1.57982E-13	8.06501E-14	2.44709E-15	6.47557E-14	1.50901E-13	3.98859E-14	8.91378E-14	-2.82702E-18	-2.08789E-13	-1.78613E-19	-2.05638E-15	-2.25681E-14
35.6667	1.09645E-13	5.7766E-14	2.57808E-15	6.22895E-14	1.33004E-13	3.83432E-14	9.33117E-14	-5.78709E-18	-2.12886E-13	-3.68842E-19	-2.18417E-15	-1.70644E-14
35.8333	1.08464E-13	5.73181E-14	2.66456E-15	6.19617E-14	1.23601E-13	3.81241E-14	9.87483E-14	-8.4539E-18	-2.17467E-13	-5.42625E-19	-2.23043E-15	-1.81649E-14
36	1.08361E-13	5.73893E-14	2.73353E-15	6.20124E-14	1.16357E-13	3.81396E-14	1.04231E-13	-1.11094E-17	-2.21481E-13	-7.16698E-19	-2.25358E-15	-2.07148E-14
36.1667	1.08253E-13	5.74396E-14	2.7918E-15	6.20155E-14	1.09646E-13	3.81263E-14	1.095E-13	-1.38671E-17	-2.23902E-13	-8.9729E-19	-2.26011E-15	-2.39888E-14
36.3333	1.07871E-13	5.73328E-14	2.84253E-15	6.18452E-14	1.03251E-13	3.80066E-14	1.1433E-13	-1.669E-17	-2.24669E-13	-1.08066E-18	-2.25523E-15	-2.76795E-14
36.5	1.07139E-13	5.70296E-14	2.88768E-15	6.14659E-14	9.72299E-14	3.77587E-14	1.18576E-13	-1.95114E-17	-2.24048E-13	-1.26097E-18	-2.24372E-15	-3.15541E-14
36.6389	1.06409E-13	5.66964E-14	2.9167E-15	6.10735E-14	9.32609E-14	3.75072E-14	1.21156E-13	-2.14551E-17	-2.22941E-13	-1.38259E-18	-2.23362E-15	-3.42783E-14
36.8056	3.44387E-15	5.3563E-15	3.8839E-15	2.25308E-15	1.67129E-15	1.12936E-15	2.86556E-14	-6.31322E-14	-6.70452E-15	-2.26941E-14	-1.54066E-16	-1.3564E-14
36.8889	1.30205E-15	4.88267E-15	4.34171E-15	1.13929E-15	1.41267E-15	4.08148E-16	2.65866E-14	-8.57349E-14	-6.81068E-15	-3.60723E-14	-1.43976E-16	-1.21534E-14
37.0556	2.05669E-16	4.47974E-15	4.51437E-15	5.8394E-16	1.10237E-15	6.44814E-17	2.73228E-14	-8.70975E-14	-5.51119E-15	-3.63093E-14	-1.12428E-16	-1.30324E-14
37.2222	5.44747E-17	4.42422E-15	4.64458E-15	5.0638E-16	9.31074E-16	1.70007E-17	2.78623E-14	-8.67866E-14	-4.61961E-15	-3.59811E-14	-9.19289E-17	-1.34988E-14
37.3889	3.50753E-17	4.42049E-15	4.78715E-15	4.96527E-16	8.19048E-16	1.09362E-17	2.82836E-14	-8.60111E-14	-4.02467E-15	-3.53627E-14	-7.86029E-17	-1.3793E-14
37.5556	3.34167E-17	4.41489E-15	4.93796E-15	4.95236E-16	7.43361E-16	1.04084E-17	2.86207E-14	-8.49341E-14	-3.61774E-15	-3.45347E-14	-6.92016E-17	-1.39853E-14
37.7222	3.39957E-17	4.40065E-15	5.09501E-15	4.94588E-16	6.91583E-16	1.05893E-17	2.88914E-14	-8.36456E-14	-3.33408E-15	-3.35531E-14	-6.26726E-17	-1.41076E-14
37.8889	3.48066E-17	4.37708E-15	5.25732E-15	4.93404E-16	6.56072E-16	1.08396E-17	2.91034E-14	-8.2203E-14	-3.13367E-15	-3.24563E-14	-5.80394E-17	-1.4178E-14
38.0556	3.55667E-17	4.34385E-15	5.42441E-15	4.91437E-16	6.31797E-16	1.10748E-17	2.92574E-14	-8.06459E-14	-2.99015E-15	-3.12729E-14	-5.47343E-17	-1.42064E-14
38.2222	3.62362E-17	4.30051E-15	5.59605E-15	4.88546E-16	6.15287E-16	1.12821E-17	2.93509E-14	-7.90042E-14	-2.88551E-15	-3.00251E-14	-5.23876E-17	-1.41976E-14
38.3889	3.68011E-17	4.24664E-15	5.77218E-15	4.84621E-16	6.04064E-16	1.14572E-17	2.93805E-14	-7.72994E-14	-2.80714E-15	-2.87307E-14	-5.07484E-17	-1.41539E-14
38.5556	3.72515E-17	4.18192E-15	5.95285E-15	4.79574E-16	5.96329E-16	1.15976E-17	2.93432E-14	-7.55479E-14	-2.74604E-15	-2.74038E-14	-4.96422E-17	-1.40764E-14
38.7222	3.75802E-17	4.10612E-15	6.13816E-15	4.73343E-16	5.9075E-16	1.17E-17	2.92367E-14	-7.37611E-14	-2.69575E-15	-2.60562E-14	-4.89462E-17	-1.39654E-14
38.8889	3.77793E-17	4.01916E-15	6.3283E-15	4.65888E-16	5.86336E-16	1.17632E-17	2.90594E-14	-7.19467E-14	-2.65155E-15	-2.4697E-14	-4.85746E-17	-1.38215E-14
39.0556	3.78448E-17	3.92113E-15	6.52352E-15	4.57193E-16	5.82349E-16	1.17855E-17	2.88109E-14	-7.01093E-14	-2.61004E-15	-2.33337E-14	-4.84675E-17	-1.36454E-14
39.2222	3.77739E-17	3.81222E-15	6.72414E-15	4.47262E-16	5.78237E-16	1.17664E-17	2.84912E-14	-6.8251E-14	-2.56873E-15	-2.19728E-14	-4.85829E-17	-1.3438E-14
39.3889	3.75657E-17	3.6928E-15	6.93055E-15	4.36121E-16	5.73595E-16	1.17047E-17	2.81014E-14	-6.63715E-14	-2.52588E-15	-2.06193E-14	-4.88945E-17	-1.32005E-14
39.5556	3.72222E-17	3.56335E-15	7.14327E-15	4.23813E-16	5.68131E-16	1.16019E-17	2.76432E-14	-6.44692E-14	-2.48024E-15	-1.92778E-14	-4.93859E-17	-1.29346E-14
39.7222	3.67467E-17	3.42448E-15	7.36295E-15	4.104E-16	5.6164E-16	1.14592E-17	2.71189E-14	-6.25404E-14	-2.431E-15	-1.79521E-14	-5.00504E-17	-1.26421E-14
39.8889	3.61452E-17	3.27693E-15	7.59042E-15	3.95959E-16	5.53993E-16	1.12776E-17	2.65316E-14	-6.05802E-14	-2.37764E-15	-1.66457E-14	-5.08886E-17	-1.23251E-14
40.0556	3.54244E-17	3.12152E-15	7.82677E-15	3.80585E-16	5.45112E-16	1.10597E-17	2.58847E-14	-5.85821E-14	-2.31989E-15	-1.53621E-14	-5.19077E-17	-1.19862E-14
40.2222	3.45924E-17	2.95922E-15	8.07339E-15	3.64386E-16	5.34973E-16	1.08082E-17	2.51824E-14	-5.65383E-14	-2.25768E-15	-1.41041E-14	-5.31233E-17	-1.16281E-14
40.3889	3.366E-17	2.79104E-15	8.33212E-15	3.47484E-16	5.23586E-16	1.05257E-17	2.44294E-14	-5.44392E-14	-2.19108E-15	-1.28749E-14	-5.45581E-17	-1.12536E-14
40.5556	3.26379E-17	2.6181E-15	8.60539E-15	3.30017E-16	5.11E-16	1.0217E-17	2.36309E-14	-5.22734E-14	-2.12028E-15	-1.16776E-14	-5.62431E-17	-1.0866E-14
40.7222	3.15386E-17	2.44159E-15	8.89642E-15	3.12135E-16	4.97292E-16	9.88521E-18	2.27928E-14	-5.00276E-14	-2.04558E-15	-1.0515E-14	-5.82231E-17	-1.04687E-14
40.8889	3.03758E-17	2.26276E-15	9.20952E-15	2.94001E-16	4.82567E-16	9.53445E-18	2.19214E-14	-4.76858E-14	-1.96733E-15	-9.39039E-15	-6.0556E-17	-1.00657E-14
41.0556	2.91651E-17	2.08292E-15	9.55049E-15	2.75795E-16	4.6696E-16	9.17028E-18	2.10237E-14	-4.52292E-14	-1.88599E-15	-8.30686E-15	-6.33233E-17	-9.66101E-15
41.2222	2.79221E-17	1.90342E-15	9.92717E-15	2.57715E-16	4.50633E-16	8.79774E-18	2.01074E-14	-4.26353E-14	-1.80203E-15	-7.26774E-15	-6.66347E-17	-9.25947E-15
41.3889	2.66649E-17	1.72565E-15	1.03502E-14	2.39981E-16	4.33781E-16	8.42315E-18	1.91813E-14	-3.98775E-14	-1.71601E-15	-6.27646E-15	-7.06453E-17	-8.86654E-15
41.5556	2.54138E-17	1.55106E-15	1.08343E-14	2.22847E-16	4.16641E-16	8.05253E-18	1.82554E-14	-3.69241E-14	-1.62851E-15	-5.33667E-15	-7.5578E-17	-8.48883E-15
41.7222	2.41917E-17	1.38119E-15	1.13994E-14	2.0662E-16	3.99502E-16	7.69525E-18	1.73418E-14	-3.37373E-14	-1.54014E-15	-4.45237E-15	-8.17629E-17	-8.13463E-15
41.8889	2.30275E-17	1.21771E-15	1.20722E-14	1.91686E-16	3.82738E-16	7.36029E-18	1.64554E-14	-3.02737E-14	-1.45157E-15	-3.62807E-15	-8.97057E-17	-7.81509E-15
42.0556	2.19584E-17	1.06251E-15	1.28869E-14	1.78583E-16	3.66848E-16	7.06231E-18	1.56153E-14	-2.64847E-14	-1.36349E-15	-2.86924E-15	-1.00215E-16	-7.54623E-15
42.2222	2.10377E-17	9.18012E-16	1.38781E-14	1.68109E-16	3.5255E-16	6.82142E-18	1.48462E-14	-2.23219E-14	-1.27663E-15	-2.18297E-15	-1.14641E-16	-7.35282E-15
42.3889	2.03488E-17	7.87453E-16	1.50442E-14	1.61558E-16	3.40945E-16	6.67031E-18	1.41757E-14	-1.77534E-14	-1.19172E-15	-1.57901E-15	-1.3536E-16	-7.2759E-15
42.5556	2.00301E-17	6.75565E-16	1.61898E-14	1.61154E-16	3.33824E-16	6.6655E-18	1.36114E-14	-1.28062E-14	-1.10915E-15	-1.07118E-15	-1.66732E-16	-7.38711E-15
42.7222	2.03083E-17	5.89124E-16	1.63471E-14	1.70751E-16	3.34065E-16	6.89938E-18	1.30388E-14	-7.68164E-15	-1.02758E-15	-6.78478E-16	-2.16772E-16	-7.80988E-15
42.8889	2.14703E-17	5.35897E-16	1.28686E-14	1.95848E-16	3.45373E-16	7.4987E-18	1.20381E-14	-3.03187E-15	-9.40161E-16	-4.22223E-16	-2.97529E-16	-8.71259E-15
43.0556	2.35379E-17	5.19641E-16	8.33875E-15	2.36384E-16	3.68709E-16	8.46717E-18	1.1131E-14	-3.1157E-16	-8.48605E-16	-3.04067E-16	-4.07322E-16	-1.0087E-14
43.2222	2.47589E-17	5.18974E-16	1.32528E-14	2.59473E-16	3.81393E-16	9.02943E-18	1.20689E-14	-5.42047E-23	-7.9875E-16	-2.71338E-16	-4.67428E-16	-1.08638E-14
43.3889	2.47062E-17	5.13292E-16	1.64325E-14	2.59508E-16	3.77276E-16	9.02595E-18	1.26237E-14	0	-7.83715E-16	-2.65153E-16	-4.70367E-16	-1.08603E-14
43.5556	2.4744E-17	5.12278E-16	1.6616E-14	2.59468E-16	3.75437E-16	9.04308E-18	1.2702E-14	0	-7.82183E-16	-2.66059E-16	-4.71554E-16	-1.08702E-14
43.7222	2.48105E-17	5.1236E-16	1.5289E-14	2.59639E-16	3.74444E-16	9.06824E-18	1.25237E-14	0	-7.83817E-16	-2.68731E-16	-4.72859E-16	-1.08856E-14
43.8889	2.48777E-17	5.12579E-16	1.34269E-14	2.59832E-16	3.73747E-16	9.09317E-18	1.22523E-14	0	-7.86213E-16	-2.71886E-16	-4.74041E-16	-1.08955E-14
44.0556	2.49398E-17	5.12752E-16	1.15098E-14	2.59997E-16	3.73197E-16	9.11565E-18	1.19716E-14	0	-7.88792E-16	-2.75165E-16	-4.74994E-16	-1.08978E-14
44.2222	2.48581E-17	5.1332E-16	9.74014E-15	2.59767E-16	3.72732E-16	9.14063E-18	1.17171E-14	0	-7.9172E-16	-2.78417E-16	-4.76026E-16	-1.08926E-14
44.3889	2.50512E-17	5.12799E-16	8.18656E-15	2.60203E-16	3.72313E-16	9.15461E-18	1.14981E-14	0	-7.93727E-16	-2.81564E-16	-4.76194E-16	-1.08807E-14
44.5556	2.50996E-17	5.12647E-16	6.85766E-15	2.60246E-16	3.71917E-16	9.1712E-18	1.13177E-14	0	-7.95908E-16	-2.8456E-16	-4.76494E-16	-1.0863E-14
44.7222	2.51456E-17	5.12375E-16	5.7369E-15	2.60255E-16	3.71529E-16	9.18727E-18	1.1172E-14	0	-7.97855E-16	-2.87385E-16	-4.76637E-16	-1.08403E-14
44.8889	2.51907E-17	5.11993E-16	4.79896E-15	2.60231E-16	3.7114E-16	9.20124E-18	1.10562E-14	0	-7.99568E-16	-2.90032E-16	-4.76654E-16	-1.08135E-14
45.0556	2.52285E-17	5.11498E-16	4.01715E-15	2.60183E-16	3.70747E-16	9.21496E-18	1.09655E-14	0	-8.01052E-16	-2.92504E-16	-4.76576E-16	-1.07832E-14
45.2222	2.52672E-17	5.10911E-16	3.36671E-15	2.60113E-16	3.70346E-16	9.22792E-18	1.08956E-14	0	-8.02333E-16	-2.94807E-16	-4.76419E-16	-1.07502E-14
45.3889	2.53043E-17	5.10238E-16	2.82576E-15	2.60024E-16	3.69939E-16	9.24083E-18	1.08426E-14	0	-8.03431E-16	-2.9695E-16	-4.76205E-16	-1.07149E-14
45.5556	2.53398E-17	5.0949E-16	2.3757E-15	2.59919E-16	3.69525E-16	9.25301E-18	1.08034E-14	0	-8.04368E-16	-2.98946E-16	-4.75948E-16	-1.06778E-14
45.7222	2.53752E-17	5.08675E-16	2.00091E-15	2.59804E-16	3.69107E-16	9.26448E-18	1.07754E-14	0	-8.05164E-16	-3.00804E-16	-4.75662E-16	-1.06393E-14
45.8889	2.54097E-17	5.07801E-16	1.68842E-15	2.59678E-16	3.68685E-16	9.27639E-18	1.07562E-14	0	-8.05841E-16	-3.02535E-16	-4.75357E-16	-1.05996E-14
46.0556	2.54441E-17	5.06877E-16	1.42747E-15	2.59546E-16	3.6826E-16	9.28821E-18	1.07441E-14	0	-8.06413E-16	-3.04148E-16	-4.75042E-16	-1.05591E-14
46.2222	2.54785E-17	5.0591E-16	1.20924E-15	2.59408E-16	3.67835E-16	9.30004E-18	1.07377E-14	0	-8.06898E-16	-3.05653E-16	-4.74724E-16	-1.0518E-14
46.3889	2.5513E-17	5.04903E-16	1.02643E-15	2.59267E-16	3.67411E-16	9.31175E-18	1.07358E-14	0	-8.07306E-16	-3.07057E-16	-4.7441E-16	-1.04764E-14
46.5556	2.55475E-17	5.03863E-16	8.73052E-16	2.59123E-16	3.66987E-16	9.32389E-18	1.07374E-14	0	-8.0765E-16	-3.08367E-16	-4.74103E-16	-1.04346E-14
46.7222	2.55824E-17	5.02794E-16	7.44151E-16	2.58978E-16	3.66565E-16	9.33598E-18	1.07417E-14	0	-8.07938E-16	-3.0959E-16	-4.73807E-16	-1.03925E-14
46.7778	2.55958E-17	5.02359E-16	6.98504E-16	2.58919E-16	3.66398E-16	9.34111E-18	1.0744E-14	0	-8.08039E-16	-3.10056E-16	-4.73693E-16	-1.03757E-14
46.9444	5.17395E-17	6.76377E-16	5.11593E-16	3.08556E-16	6.47019E-16	1.98732E-17	1.5501E-14	0	-1.55773E-15	-9.6203E-17	-6.17832E-16	-1.23973E-14
47.0278	1.97E-13	9.06E-14	3.9208E-16	7.38007E-15	3.32867E-14	3.94836E-15	2.14631E-14	0	-3.05862E-14	-1.73665E-21	-5.44254E-15	-2.71262E-14
47.1944	1.87129E-13	8.95545E-14	3.52646E-16	1.15242E-14	1.67147E-14	6.48505E-15	1.32802E-14	0	-1.2099E-14	-7.80026E-21	-1.08463E-14	-2.4019E-14
47.3611	1.51161E-13	7.23935E-14	3.3302E-16	8.55364E-15	1.15027E-14	4.60845E-15	1.07587E-14	0	-9.45703E-15	-1.11264E-20	-1.18453E-14	-1.43591E-14
47.5278	1.49577E-13	7.16056E-14	3.15829E-16	7.58063E-15	1.00928E-14	3.99695E-15	1.00016E-14	0	-9.16792E-15	-1.24919E-20	-1.23443E-14	-1.1317E-14
47.6944	1.45694E-13	6.97595E-14	3.0023E-16	7.23223E-15	9.67611E-15	3.77591E-15	9.77084E-15	0	-9.34409E-15	-1.34455E-20	-1.27723E-14	-1.05552E-14
47.8611	1.4126E-13	6.766E-14	2.85866E-16	7.05185E-15	9.50647E-15	3.65963E-15	9.67664E-15	0	-9.60735E-15	-1.43299E-20	-1.31713E-14	-1.04238E-14
48.0278	1.37041E-13	6.56639E-14	2.72517E-16	6.91905E-15	9.40205E-15	3.57316E-15	9.61807E-15	0	-9.87826E-15	-1.51995E-20	-1.35477E-14	-1.0459E-14
48.1944	1.33216E-13	6.38551E-14	2.60052E-16	6.8028E-15	9.319E-15	3.4972E-15	9.57016E-15	0	-1.01408E-14	-1.60489E-20	-1.39039E-14	-1.05377E-14
48.3611	1.2981E-13	6.22441E-14	2.48393E-16	6.69476E-15	9.24658E-15	3.42661E-15	9.52668E-15	0	-1.03929E-14	-1.6873E-20	-1.42419E-14	-1.06275E-14
48.5278	1.26795E-13	6.08185E-14	2.37486E-16	6.59235E-15	9.18189E-15	3.35975E-15	9.48585E-15	0	-1.06351E-14	-1.76684E-20	-1.45635E-14	-1.07204E-14
48.6944	1.24129E-13	5.9558E-14	2.27294E-16	6.49455E-15	9.12369E-15	3.29593E-15	9.44747E-15	0	-1.08688E-14	-1.84366E-20	-1.48706E-14	-1.0814E-14
48.8611	1.21768E-13	5.84417E-14	2.17782E-16	6.40069E-15	9.07123E-15	3.23475E-15	9.41126E-15	0	-1.10949E-14	-1.918E-20	-1.51646E-14	-1.09076E-14
48.9444	1.20689E-13	5.79315E-14	2.13271E-16	6.3551E-15	9.04694E-15	3.20504E-15	9.3938E-15	0	-1.12055E-14	-1.95423E-20	-1.53071E-14	-1.09544E-14
49.1111	7.11283E-16	5.90836E-16	2.26724E-16	9.32741E-16	0	3.41545E-16	5.549E-15	0	-2.24723E-16	-2.58334E-16	-1.90031E-15	-7.64725E-15
49.1944	3.29651E-16	4.26016E-16	2.39903E-16	6.4606E-16	4.29211E-16	1.49407E-16	5.6458E-15	0	-2.05063E-16	-3.95643E-16	-1.96307E-15	-8.00787E-15
49.3611	6.19525E-17	2.98695E-16	2.482E-16	4.08997E-16	3.67396E-16	2.7033E-17	5.94533E-15	0	-1.66256E-16	-4.18773E-16	-1.57699E-15	-9.3548E-15
49.5278	1.81496E-17	2.69957E-16	2.34948E-16	3.27726E-16	3.08838E-16	7.73029E-18	6.14858E-15	0	-1.42369E-16	-4.3139E-16	-1.2695E-15	-9.86067E-15
49.6944	1.23837E-17	2.62098E-16	2.14414E-16	2.88332E-16	2.70049E-16	5.1885E-18	6.32646E-15	0	-1.28359E-16	-4.40657E-16	-1.07383E-15	-1.02112E-14
49.8611	1.2061E-17	2.58918E-16	1.92797E-16	2.62919E-16	2.44641E-16	4.98608E-18	6.49855E-15	0	-1.26244E-16	-4.47828E-16	-9.43334E-16	-1.04937E-14
50.0278	1.23118E-17	2.56623E-16	1.72414E-16	2.44874E-16	2.25835E-16	5.05788E-18	6.62297E-15	0	-1.17533E-16	-4.53448E-16	-8.53442E-16	-1.06807E-14
50.1944	1.26292E-17	2.55491E-16	1.53973E-16	2.31939E-16	2.13012E-16	5.15645E-18	6.74236E-15	0	-1.15585E-16	-4.58003E-16	-7.90177E-16	-1.08253E-14
50.3611	1.28944E-17	2.54967E-16	1.37597E-16	2.22582E-16	2.03928E-16	5.23939E-18	6.84808E-15	0	-1.15514E-16	-4.6168E-16	-7.45013E-16	-1.09256E-14
50.5278	1.31126E-17	2.54879E-16	1.23192E-16	2.15807E-16	1.97491E-16	5.30913E-18	6.94261E-15	0	-1.16825E-16	-4.64649E-16	-7.1245E-16	-1.09908E-14
50.6944	1.32915E-17	2.55103E-16	1.1058E-16	2.10908E-16	1.92954E-16	5.36661E-18	7.02807E-15	0	-1.19177E-16	-4.67046E-16	-6.88809E-16	-1.10283E-14
50.8611	1.34421E-17	2.55552E-16	9.95643E-17	2.07381E-16	1.89799E-16	5.4151E-18	7.10615E-15	0	-1.22321E-16	-4.6898E-16	-6.71566E-16	-1.10448E-14
51.0278	1.35703E-17	2.5616E-16	8.99537E-17	2.0486E-16	1.87654E-16	5.45693E-18	7.17824E-15	0	-1.26075E-16	-4.70541E-16	-6.5895E-16	-1.10453E-14
51.1944	1.36833E-17	2.5688E-16	8.15717E-17	2.03078E-16	1.86253E-16	5.49406E-18	7.24544E-15	0	-1.30299E-16	-4.71797E-16	-6.49704E-16	-1.1034E-14
51.3611	1.37833E-17	2.57677E-16	7.42605E-17	2.01839E-16	1.85401E-16	5.52803E-18	7.30857E-15	0	-1.34889E-16	-4.72807E-16	-6.42923E-16	-1.1014E-14
51.5278	1.38757E-17	2.58525E-16	6.78814E-17	2.01003E-16	1.84958E-16	5.55935E-18	7.36831E-15	0	-1.39761E-16	-4.73611E-16	-6.37955E-16	-1.09877E-14
51.6944	1.39612E-17	2.59407E-16	6.23121E-17	2.00462E-16	1.84818E-16	5.58948E-18	7.42517E-15	0	-1.44851E-16	-4.74245E-16	-6.34322E-16	-1.09569E-14
51.8611	1.40428E-17	2.60307E-16	5.74468E-17	2.00141E-16	1.84903E-16	5.61849E-18	7.47951E-15	0	-1.50107E-16	-4.74736E-16	-6.31676E-16	-1.09231E-14
52.0278	1.41218E-17	2.61217E-16	5.31937E-17	1.99981E-16	1.85155E-16	5.64614E-18	7.53166E-15	0	-1.55491E-16	-4.75105E-16	-6.29763E-16	-1.08871E-14
52.1944	1.4198E-17	2.62129E-16	4.94731E-17	1.99943E-16	1.85536E-16	5.67342E-18	7.58184E-15	0	-1.60973E-16	-4.75367E-16	-6.28395E-16	-1.08498E-14
52.3611	1.42739E-17	2.63036E-16	4.62159E-17	1.99993E-16	1.86009E-16	5.70001E-18	7.63024E-15	0	-1.66526E-16	-4.75537E-16	-6.27433E-16	-1.08117E-14
52.5278	1.43479E-17	2.63936E-16	4.33624E-17	2.00108E-16	1.86555E-16	5.72677E-18	7.67701E-15	0	-1.72133E-16	-4.75623E-16	-6.26776E-16	-1.07731E-14
52.6944	1.44225E-17	2.64826E-16	4.08606E-17	2.00274E-16	1.87154E-16	5.75391E-18	7.72226E-15	0	-1.77777E-16	-4.75637E-16	-6.26347E-16	-1.07345E-14
52.8611	1.44975E-17	2.65704E-16	3.86655E-17	2.00476E-16	1.87793E-16	5.78121E-18	7.76609E-15	0	-1.83447E-16	-4.75583E-16	-6.26092E-16	-1.06959E-14
53.0278	0	0	3.78054E-17	0	1.78503E-16	0	7.67216E-15	-3.27043E-16	0	-4.77294E-16	0	-9.13006E-15
53.1944	1.09811E-17	2.44684E-16	6.43336E-17	1.46247E-16	1.59476E-16	4.29737E-18	7.41752E-15	-3.99576E-15	-2.24617E-16	-5.59148E-16	-4.33643E-16	-7.72287E-15
53.3611	9.42785E-18	2.96307E-16	8.0522E-17	1.18885E-16	1.79951E-16	3.55913E-18	7.60433E-15	-1.07043E-14	-3.23267E-16	-8.96116E-16	-3.10598E-16	-6.18638E-15
53.5278	8.8346E-18	3.93288E-16	8.74739E-17	1.0837E-16	2.05155E-16	3.21136E-18	7.98683E-15	-1.82246E-14	-4.18095E-16	-1.39211E-15	-2.33031E-16	-5.40319E-15
53.6944	8.608E-18	5.11815E-16	1.22568E-16	1.07958E-16	2.03736E-16	3.04201E-18	8.41621E-15	-2.54705E-14	-4.89895E-16	-1.96905E-15	-1.85988E-16	-4.98014E-15
53.8611	8.65389E-18	6.60282E-16	1.70924E-16	1.15242E-16	2.01788E-16	2.99321E-18	8.88309E-15	-3.2069E-14	-5.60368E-16	-2.68859E-15	-1.56621E-16	-4.80764E-15
54.0278	9.00873E-18	8.34374E-16	2.2901E-16	1.27949E-16	1.6019E-16	3.06065E-18	9.51229E-15	-3.79394E-14	-6.4597E-16	-3.52835E-15	-1.37213E-16	-4.76115E-15
54.1944	9.64771E-18	1.02634E-15	2.95019E-16	1.4423E-16	1.545E-16	3.22676E-18	1.01996E-14	-4.31088E-14	-7.49799E-16	-4.4558E-15	-1.23498E-16	-4.90124E-15
54.3611	1.05017E-17	1.22982E-15	3.67737E-16	1.62812E-16	1.62383E-16	3.46764E-18	1.09522E-14	-4.76399E-14	-8.67728E-16	-5.44904E-15	-1.13261E-16	-5.15162E-15
54.5278	1.15177E-17	1.44057E-15	4.46306E-16	1.82912E-16	1.77699E-16	3.76282E-18	1.17509E-14	-5.16021E-14	-9.96027E-16	-6.49316E-15	-1.05323E-16	-5.4795E-15
54.6944	1.26675E-17	1.65591E-15	5.30089E-16	2.0406E-16	1.96609E-16	4.10288E-18	1.25859E-14	-5.5061E-14	-1.13267E-15	-7.5773E-15	-9.89868E-17	-5.86533E-15
54.8611	1.39352E-17	1.87413E-15	6.18582E-16	2.25963E-16	2.17678E-16	4.48254E-18	1.34516E-14	-5.80748E-14	-1.27653E-15	-8.69264E-15	-9.38143E-17	-6.29698E-15
55.0278	1.53145E-17	2.09407E-15	7.11364E-16	2.48422E-16	2.40454E-16	4.89778E-18	1.43449E-14	-6.06945E-14	-1.42676E-15	-9.83126E-15	-8.95103E-17	-6.76594E-15
55.1944	1.68E-17	2.31488E-15	8.0807E-16	2.71302E-16	2.64745E-16	5.34797E-18	1.52628E-14	-6.2964E-14	-1.58262E-15	-1.09856E-14	-8.58729E-17	-7.2656E-15
55.3611	1.83901E-17	2.53595E-15	9.08388E-16	2.945E-16	2.90425E-16	5.83106E-18	1.6203E-14	-6.49211E-14	-1.7434E-15	-1.21481E-14	-8.27546E-17	-7.79057E-15
55.5278	2.00842E-17	2.75679E-15	1.01206E-15	3.17944E-16	3.17382E-16	6.34727E-18	1.71631E-14	-6.65984E-14	-1.90841E-15	-1.33113E-14	-8.00511E-17	-8.33619E-15
55.6944	2.18823E-17	2.97706E-15	1.11889E-15	3.41578E-16	3.45508E-16	6.89596E-18	1.81406E-14	-6.80244E-14	-2.07694E-15	-1.44676E-14	-7.76811E-17	-8.8984E-15
55.8611	2.37867E-17	3.19648E-15	1.22874E-15	3.65361E-16	3.74703E-16	7.479E-18	1.9133E-14	-6.92236E-14	-2.2483E-15	-1.56098E-14	-7.55846E-17	-9.47353E-15
56.0278	2.57978E-17	3.41487E-15	1.34155E-15	3.89262E-16	4.0486E-16	8.09467E-18	2.01377E-14	-7.02179E-14	-2.42179E-15	-1.67303E-14	-7.37143E-17	-1.00582E-14
56.1944	2.79184E-17	3.63207E-15	1.45736E-15	4.1326E-16	4.35874E-16	8.74534E-18	2.1152E-14	-7.10265E-14	-2.59671E-15	-1.78223E-14	-7.20318E-17	-1.06492E-14
56.3611	3.01486E-17	3.848E-15	1.57624E-15	4.37337E-16	4.67641E-16	9.42985E-18	2.21734E-14	-7.16663E-14	-2.77239E-15	-1.88787E-14	-7.05084E-17	-1.12438E-14
56.5278	3.24901E-17	4.0626E-15	1.69837E-15	4.61484E-16	5.0005E-16	1.01487E-17	2.31993E-14	-7.21525E-14	-2.94816E-15	-1.98932E-14	-6.91205E-17	-1.1839E-14
56.6944	3.49417E-17	4.27582E-15	1.82396E-15	4.85689E-16	5.32992E-16	1.09024E-17	2.42272E-14	-7.24993E-14	-3.12336E-15	-2.08597E-14	-6.78482E-17	-1.24325E-14
56.8611	3.75025E-17	4.48764E-15	1.95327E-15	5.09948E-16	5.66356E-16	1.169E-17	2.52547E-14	-7.27187E-14	-3.29739E-15	-2.17726E-14	-6.66761E-17	-1.30216E-14
57.0278	4.01713E-17	4.69805E-15	2.0866E-15	5.34253E-16	6.00031E-16	1.25109E-17	2.62797E-14	-7.28225E-14	-3.46965E-15	-2.26271E-14	-6.55897E-17	-1.36043E-14
57.1944	4.29424E-17	4.90704E-15	2.22425E-15	5.58598E-16	6.33907E-16	1.33635E-17	2.73002E-14	-7.28208E-14	-3.63958E-15	-2.34188E-14	-6.45798E-17	-1.41783E-14
57.3611	4.58124E-17	5.11456E-15	2.36649E-15	5.82975E-16	6.67873E-16	1.4247E-17	2.83143E-14	-7.27233E-14	-3.80667E-15	-2.41441E-14	-6.36365E-17	-1.47419E-14
57.5278	4.87728E-17	5.32057E-15	2.51357E-15	6.0737E-16	7.01821E-16	1.51586E-17	2.93201E-14	-7.25388E-14	-3.97044E-15	-2.48E-14	-6.27534E-17	-1.52931E-14
57.6944	5.18162E-17	5.52495E-15	2.66569E-15	6.31766E-16	7.35642E-16	1.60952E-17	3.03161E-14	-7.22756E-14	-4.13045E-15	-2.53844E-14	-6.19232E-17	-1.58303E-14
57.8611	5.49325E-17	5.72756E-15	2.82297E-15	6.56141E-16	7.6923E-16	1.70548E-17	3.13007E-14	-7.19412E-14	-4.2863E-15	-2.58957E-14	-6.11423E-17	-1.63521E-14
58.0278	5.8109E-17	5.92817E-15	2.98549E-15	6.8046E-16	8.02482E-16	1.80335E-17	3.2272E-14	-7.15426E-14	-4.43763E-15	-2.63332E-14	-6.04052E-17	-1.68571E-14
58.1944	6.13346E-17	6.12647E-15	3.15322E-15	7.04685E-16	8.35295E-16	1.90272E-17	3.32285E-14	-7.10864E-14	-4.58412E-15	-2.66968E-14	-5.97108E-17	-1.73439E-14
58.3611	6.45916E-17	6.32209E-15	3.32606E-15	7.28789E-16	8.67568E-16	2.00317E-17	3.41682E-14	-7.05787E-14	-4.72547E-15	-2.69871E-14	-5.90589E-17	-1.78115E-14
58.5278	6.78726E-17	6.51453E-15	3.50385E-15	7.52636E-16	8.992E-16	2.10413E-17	3.50894E-14	-7.00249E-14	-4.86137E-15	-2.72051E-14	-5.84354E-17	-1.82589E-14
58.6944	7.11544E-17	6.70321E-15	3.68635E-15	7.76227E-16	9.30092E-16	2.20522E-17	3.59896E-14	-6.94305E-14	-4.99162E-15	-2.73524E-14	-5.78528E-17	-1.86849E-14
58.8611	7.44224E-17	6.88744E-15	3.87327E-15	7.99452E-16	9.60149E-16	2.30592E-17	3.68664E-14	-6.87999E-14	-5.11597E-15	-2.74311E-14	-5.73038E-17	-1.90887E-14
59.0278	7.76589E-17	7.06646E-15	4.06429E-15	8.22217E-16	9.89273E-16	2.40563E-17	3.77173E-14	-6.81376E-14	-5.2342E-15	-2.74436E-14	-5.67895E-17	-1.94695E-14
59.0833	7.89403E-17	7.13641E-15	4.14177E-15	8.31171E-16	1.00064E-15	2.44512E-17	3.80497E-14	-6.78648E-14	-5.27973E-15	-2.74307E-14	-5.65937E-17	-1.96152E-14
59.25	2.51707E-16	7.50312E-15	3.63139E-15	1.0191E-15	2.74989E-15	8.46342E-17	6.42668E-14	-2.36658E-14	-1.12118E-14	-7.67357E-15	-1.00811E-16	-3.89651E-14
59.3333	2.07E-13	9.82E-14	2.4803E-15	2.60659E-14	1.12292E-13	1.52758E-14	6.77558E-14	-8.38886E-19	-1.72792E-13	-4.6008E-20	-1.34112E-15	-3.18078E-14
59.5	1.83038E-13	9.31746E-14	2.71454E-15	5.41465E-14	8.82953E-14	3.31132E-14	6.85723E-14	-4.18372E-18	-1.81103E-13	-2.29004E-19	-2.1968E-15	-2.35037E-14
59.6667	1.14473E-13	6.07417E-14	2.82852E-15	5.24825E-14	8.24367E-14	3.20666E-14	7.10927E-14	-6.91435E-18	-1.84906E-13	-3.81752E-19	-2.30044E-15	-1.8351E-14
59.8333	9.42321E-14	5.13146E-14	2.90884E-15	5.27832E-14	8.04895E-14	3.2236E-14	7.5055E-14	-9.29147E-18	-1.89738E-13	-5.16891E-19	-2.33385E-15	-1.80152E-14
60	9.27756E-14	5.07749E-14	2.97392E-15	5.325E-14	7.83902E-14	3.25093E-14	7.93351E-14	-1.18704E-17	-1.92845E-13	-6.64716E-19	-2.33816E-15	-1.89245E-14
60.1667	9.30127E-14	5.10129E-14	3.02831E-15	5.36002E-14	7.57384E-14	3.27122E-14	8.36722E-14	-1.47028E-17	-1.94007E-13	-8.27555E-19	-2.32292E-15	-2.0645E-14
60.3333	9.31726E-14	5.11849E-14	3.07457E-15	5.37796E-14	7.27275E-14	3.28109E-14	8.78715E-14	-1.76918E-17	-1.93481E-13	-9.98889E-19	-2.29486E-15	-2.29482E-14
60.5	9.3054E-14	5.11932E-14	3.1146E-15	5.37651E-14	6.9576E-14	3.27913E-14	9.17739E-14	-2.07288E-17	-1.91651E-13	-1.1712E-18	-2.25999E-15	-2.55953E-14
60.6389	9.27781E-14	5.10883E-14	3.13968E-15	5.36353E-14	6.73686E-14	3.27046E-14	9.42674E-14	-2.28369E-17	-1.89783E-13	-1.289E-18	-2.23398E-15	-2.75444E-14
60.8056	3.85721E-15	7.10469E-15	4.58877E-15	2.6731E-15	2.11841E-15	1.26395E-15	3.0617E-14	-5.73512E-14	-8.72617E-15	-1.96445E-14	-1.94406E-16	-1.49813E-14
60.8889	1.47962E-15	6.78497E-15	5.18468E-15	1.45477E-15	1.5631E-15	4.64065E-16	2.94059E-14	-8.04234E-14	-8.78409E-15	-3.26442E-14	-1.79919E-16	-1.40373E-14
61.0556	2.43234E-16	6.34432E-15	5.40117E-15	8.28463E-16	1.17135E-15	7.62066E-17	3.04398E-14	-8.24225E-14	-7.03892E-15	-3.32688E-14	-1.40197E-16	-1.52044E-14
61.2222	7.27909E-17	6.27021E-15	5.58341E-15	7.37669E-16	9.83852E-16	2.27348E-17	3.11806E-14	-8.26114E-14	-5.88183E-15	-3.32122E-14	-1.15005E-16	-1.58314E-14
61.3889	5.1372E-17	6.24767E-15	5.78269E-15	7.23355E-16	8.64637E-16	1.60113E-17	3.1759E-14	-8.22485E-14	-5.13288E-15	-3.28247E-14	-9.88665E-17	-1.62511E-14
61.5556	4.98413E-17	6.21915E-15	5.99257E-15	7.18986E-16	7.86755E-16	1.55261E-17	3.22272E-14	-8.15357E-14	-4.63703E-15	-3.22081E-14	-8.81625E-17	-1.65575E-14
61.7222	5.08498E-17	6.17907E-15	6.20969E-15	7.15557E-16	7.35798E-16	1.58369E-17	3.26124E-14	-8.05811E-14	-4.30419E-15	-3.14259E-14	-8.09221E-17	-1.67894E-14
61.8889	5.20985E-17	6.12742E-15	6.43218E-15	7.11726E-16	7.02643E-16	1.62244E-17	3.29263E-14	-7.94523E-14	-4.07897E-15	-3.05203E-14	-7.59879E-17	-1.69656E-14
62.0556	5.3275E-17	6.06412E-15	6.65899E-15	7.07131E-16	6.81406E-16	1.65901E-17	3.31706E-14	-7.81944E-14	-3.92532E-15	-2.95216E-14	-7.26398E-17	-1.70936E-14
62.2222	5.43208E-17	5.98881E-15	6.88952E-15	7.01547E-16	6.68068E-16	1.69148E-17	3.33423E-14	-7.68401E-14	-3.81884E-15	-2.84528E-14	-7.04104E-17	-1.71751E-14
62.3889	5.52104E-17	5.90103E-15	7.12349E-15	6.94792E-16	6.59837E-16	1.71921E-17	3.34375E-14	-7.5412E-14	-3.74277E-15	-2.73314E-14	-6.89885E-17	-1.72102E-14
62.5556	5.59249E-17	5.80035E-15	7.36078E-15	6.86724E-16	6.54729E-16	1.74145E-17	3.34525E-14	-7.39268E-14	-3.68537E-15	-2.61711E-14	-6.81631E-17	-1.71985E-14
62.7222	5.64491E-17	5.68653E-15	7.60143E-15	6.7724E-16	6.51325E-16	1.75798E-17	3.33848E-14	-7.23951E-14	-3.63838E-15	-2.49828E-14	-6.77904E-17	-1.71401E-14
62.8889	5.67731E-17	5.55943E-15	7.84561E-15	6.66277E-16	6.4861E-16	1.76838E-17	3.32331E-14	-7.0824E-14	-3.59598E-15	-2.3775E-14	-6.77729E-17	-1.70355E-14
63.0556	5.68922E-17	5.41913E-15	8.0936E-15	6.53804E-16	6.45851E-16	1.77243E-17	3.29969E-14	-6.92174E-14	-3.55404E-15	-2.25548E-14	-6.80438E-17	-1.68858E-14
63.2222	5.68024E-17	5.26585E-15	8.34582E-15	6.39819E-16	6.42526E-16	1.77007E-17	3.26768E-14	-6.75764E-14	-3.50969E-15	-2.13277E-14	-6.85607E-17	-1.66925E-14
63.3889	5.65046E-17	5.09996E-15	8.60283E-15	6.24349E-16	6.3827E-16	1.76137E-17	3.2274E-14	-6.59006E-14	-3.46096E-15	-2.00988E-14	-6.92981E-17	-1.64572E-14
63.5556	5.60027E-17	4.92201E-15	8.86536E-15	6.07442E-16	6.32829E-16	1.74639E-17	3.17907E-14	-6.41874E-14	-3.40652E-15	-1.88721E-14	-7.02432E-17	-1.61823E-14
63.7222	5.53035E-17	4.73266E-15	9.13436E-15	5.89171E-16	6.26043E-16	1.72545E-17	3.12296E-14	-6.24331E-14	-3.34555E-15	-1.76514E-14	-7.13944E-17	-1.58701E-14
63.8889	5.44148E-17	4.53273E-15	9.41106E-15	5.6963E-16	6.17818E-16	1.69867E-17	3.05941E-14	-6.06324E-14	-3.27758E-15	-1.644E-14	-7.27593E-17	-1.55234E-14
64.0556	5.33474E-17	4.32315E-15	9.69701E-15	5.48929E-16	6.08113E-16	1.66645E-17	2.98883E-14	-5.87786E-14	-3.20244E-15	-1.52411E-14	-7.43536E-17	-1.51451E-14
64.2222	5.21139E-17	4.10498E-15	9.99425E-15	5.27203E-16	5.96933E-16	1.6292E-17	2.91169E-14	-5.68637E-14	-3.12017E-15	-1.40577E-14	-7.62028E-17	-1.47387E-14
64.3889	5.07286E-17	3.87936E-15	1.03054E-14	5.04601E-16	5.84319E-16	1.58731E-17	2.8285E-14	-5.4878E-14	-3.03096E-15	-1.28929E-14	-7.83417E-17	-1.43076E-14
64.5556	4.92083E-17	3.64756E-15	1.06339E-14	4.81293E-16	5.7034E-16	1.54144E-17	2.73987E-14	-5.281E-14	-2.93515E-15	-1.17496E-14	-8.08179E-17	-1.38558E-14
64.7222	4.75709E-17	3.41091E-15	1.09843E-14	4.57468E-16	5.55096E-16	1.49203E-17	2.64645E-14	-5.06462E-14	-2.83318E-15	-1.06308E-14	-8.36963E-17	-1.33874E-14
64.8889	4.58352E-17	3.17083E-15	1.13624E-14	4.33336E-16	5.38712E-16	1.43976E-17	2.54895E-14	-4.83704E-14	-2.72558E-15	-9.5395E-15	-8.7061E-17	-1.29073E-14
65.0556	4.40233E-17	2.9288E-15	1.17764E-14	4.09133E-16	5.21339E-16	1.38531E-17	2.44818E-14	-4.59635E-14	-2.61294E-15	-8.47893E-15	-9.10269E-17	-1.24206E-14
65.2222	4.21572E-17	2.68639E-15	1.22368E-14	3.85128E-16	5.03155E-16	1.3294E-17	2.34503E-14	-4.34026E-14	-2.49592E-15	-7.45237E-15	-9.57508E-17	-1.19332E-14
65.3889	4.02635E-17	2.44524E-15	1.27584E-14	3.61633E-16	4.8437E-16	1.27298E-17	2.24056E-14	-4.06607E-14	-2.3752E-15	-6.46336E-15	-1.01452E-16	-1.14521E-14
65.5556	3.83696E-17	2.20711E-15	1.33611E-14	3.39025E-16	4.65235E-16	1.217E-17	2.13596E-14	-3.77052E-14	-2.25153E-15	-5.5158E-15	-1.08447E-16	-1.09856E-14
65.7222	3.65103E-17	1.97393E-15	1.40728E-14	3.17782E-16	4.46053E-16	1.1626E-17	2.03273E-14	-3.4498E-14	-2.12566E-15	-4.61419E-15	-1.17199E-16	-1.05445E-14
65.8889	3.47271E-17	1.74792E-15	1.49314E-14	2.98548E-16	4.27207E-16	1.11136E-17	1.93279E-14	-3.09945E-14	-1.99839E-15	-3.76396E-15	-1.2842E-16	-1.01434E-14
66.0556	3.30751E-17	1.53181E-15	1.59878E-14	2.82249E-16	4.09196E-16	1.06524E-17	1.83867E-14	-2.71451E-14	-1.87055E-15	-2.97215E-15	-1.43241E-16	-9.80337E-15
66.2222	3.16354E-17	1.32923E-15	1.73005E-14	2.70318E-16	3.92704E-16	1.02753E-17	1.7537E-14	-2.29011E-14	-1.74301E-15	-2.24837E-15	-1.63549E-16	-9.55739E-15
66.3889	3.05353E-17	1.14533E-15	1.88984E-14	2.6512E-16	3.78725E-16	1.00306E-17	1.68172E-14	-1.82299E-14	-1.61667E-15	-1.60623E-15	-1.92629E-16	-9.46034E-15
66.5556	2.99891E-17	9.87831E-16	2.05947E-14	2.70725E-16	3.68805E-16	1.00043E-17	1.62388E-14	-1.31606E-14	-1.49225E-15	-1.065E-15	-2.36421E-16	-9.60784E-15
66.7222	3.03438E-17	8.67658E-16	2.1229E-14	2.94033E-16	3.65506E-16	1.0337E-17	1.56289E-14	-7.90092E-15	-1.3687E-15	-6.49949E-16	-3.05446E-16	-1.01612E-14
66.8889	3.19894E-17	7.96112E-16	1.70795E-14	3.43845E-16	3.72577E-16	1.11975E-17	1.42659E-14	-3.12204E-15	-1.23839E-15	-3.86603E-16	-4.13766E-16	-1.13154E-14
67.0556	3.47003E-17	7.73528E-16	1.03679E-14	4.15141E-16	3.91266E-16	1.24876E-17	1.26543E-14	-3.21679E-16	-1.10325E-15	-2.73026E-16	-5.51687E-16	-1.29419E-14
67.2222	3.60409E-17	7.68162E-16	1.64126E-14	4.50191E-16	4.0016E-16	1.31295E-17	1.39157E-14	-5.34373E-23	-1.03009E-15	-2.44908E-16	-6.18986E-16	-1.37384E-14
67.3889	0	7.21236E-16	2.09939E-14	4.80824E-16	3.96091E-16	1.30236E-17	1.4739E-14	0	-1.04178E-15	-2.39963E-16	-6.41098E-16	-1.37604E-14
67.5556	3.60143E-17	7.57406E-16	2.19044E-14	4.49777E-16	3.94502E-16	1.31464E-17	1.50768E-14	0	-1.00655E-15	-2.40588E-16	-6.24554E-16	-1.37615E-14
67.7222	3.61106E-17	7.56601E-16	2.07875E-14	4.49852E-16	3.93563E-16	1.31839E-17	1.48803E-14	0	-1.00681E-15	-2.42553E-16	-6.26816E-16	-1.37954E-14
67.8889	3.62001E-17	7.5586E-16	1.88217E-14	4.49839E-16	3.92803E-16	1.32183E-17	1.45063E-14	0	-1.00783E-15	-2.44913E-16	-6.28747E-16	-1.3821E-14
68.0556	3.62787E-17	7.5502E-16	1.66305E-14	4.49695E-16	3.92115E-16	1.32478E-17	1.40857E-14	0	-1.009E-15	-2.47411E-16	-6.30238E-16	-1.38363E-14
68.2222	3.78807E-17	7.52203E-16	1.45029E-14	4.49157E-16	3.91463E-16	1.32927E-17	1.36641E-14	0	-1.01195E-15	-2.49937E-16	-6.33147E-16	-1.38409E-14
68.3889	3.64077E-17	7.52957E-16	1.25582E-14	4.49034E-16	3.9086E-16	1.32946E-17	1.33109E-14	0	-1.01105E-15	-2.52423E-16	-6.31919E-16	-1.38375E-14
68.5556	0	7.73136E-16	1.0834E-14	4.63881E-16	3.90193E-16	1.31212E-17	1.28634E-14	0	-1.00508E-15	-2.54829E-16	-6.18508E-16	-1.37994E-14
68.7222	3.65063E-17	7.50365E-16	9.33058E-15	4.47977E-16	3.89551E-16	1.33285E-17	1.27096E-14	0	-1.01213E-15	-2.57133E-16	-6.32192E-16	-1.38069E-14
68.8889	3.65467E-17	7.4888E-16	8.03157E-15	4.47337E-16	3.8878E-16	1.33425E-17	1.24731E-14	0	-1.01224E-15	-2.59321E-16	-6.31931E-16	-1.37818E-14
69.0556	3.6583E-17	7.4728E-16	6.91484E-15	4.46637E-16	3.8823E-16	1.33547E-17	1.22735E-14	0	-1.01208E-15	-2.6139E-16	-6.31466E-16	-1.37521E-14
69.2222	3.66159E-17	7.45575E-16	5.95736E-15	4.45891E-16	3.87551E-16	1.3365E-17	1.21056E-14	0	-1.01166E-15	-2.63338E-16	-6.30833E-16	-1.37178E-14
69.3889	3.66455E-17	7.43778E-16	5.13736E-15	4.45105E-16	3.8686E-16	1.33747E-17	1.19649E-14	0	-1.01102E-15	-2.6517E-16	-6.30063E-16	-1.36798E-14
69.5556	2.76409E-17	7.46303E-16	4.43525E-15	4.42254E-16	3.8616E-16	1.33375E-17	1.18258E-14	0	-1.02271E-15	-2.6689E-16	-6.3574E-16	-1.36308E-14
69.7222	3.66977E-17	7.3995E-16	3.83383E-15	4.43445E-16	3.85451E-16	1.33911E-17	1.17492E-14	0	-1.00915E-15	-2.68504E-16	-6.28222E-16	-1.35952E-14
69.8889	3.67209E-17	7.3794E-16	3.31828E-15	4.42583E-16	3.84737E-16	1.33986E-17	1.16677E-14	0	-1.00798E-15	-2.70019E-16	-6.27191E-16	-1.35494E-14
70.0556	3.67429E-17	7.35877E-16	2.87594E-15	4.41708E-16	3.84021E-16	1.34053E-17	1.16E-14	0	-1.00668E-15	-2.71439E-16	-6.2611E-16	-1.35019E-14
70.2222	3.67641E-17	7.33771E-16	2.49599E-15	4.40822E-16	3.83303E-16	1.34118E-17	1.1544E-14	0	-1.00528E-15	-2.72773E-16	-6.24991E-16	-1.34529E-14
70.3889	3.67844E-17	7.31629E-16	2.16925E-15	4.39929E-16	3.82586E-16	1.34178E-17	1.14979E-14	0	-1.0038E-15	-2.74023E-16	-6.23848E-16	-1.34027E-14
70.5556	3.68043E-17	7.29455E-16	1.88793E-15	4.39032E-16	3.8187E-16	1.34246E-17	1.14601E-14	0	-1.00224E-15	-2.75197E-16	-6.22688E-16	-1.33516E-14
70.7222	3.68242E-17	7.27257E-16	1.64542E-15	4.38135E-16	3.81158E-16	1.3431E-17	1.14291E-14	0	-1.00062E-15	-2.76298E-16	-6.2152E-16	-1.32998E-14
70.7778	3.68327E-17	7.26372E-16	1.55799E-15	4.37776E-16	3.80874E-16	1.34332E-17	1.14185E-14	0	-9.99959E-16	-2.76719E-16	-6.21052E-16	-1.32788E-14
70.9444	7.37992E-17	9.86152E-16	1.18327E-15	5.30934E-16	6.63958E-16	2.82933E-17	1.53843E-14	0	-1.89942E-15	-8.14392E-17	-8.03155E-16	-1.49567E-14
71.0278	1.50E-13	6.86E-14	9.51269E-16	8.69892E-15	2.98056E-14	4.32033E-15	2.21355E-14	0	-3.67784E-14	-3.61063E-21	-7.95247E-15	-2.69275E-14
71.1944	1.40104E-13	6.75835E-14	8.39213E-16	1.18439E-14	1.25419E-14	6.16455E-15	1.20259E-14	0	-9.95121E-15	-1.22232E-20	-1.18575E-14	-2.11474E-14
71.3611	1.47229E-13	7.08261E-14	7.84829E-16	9.09344E-15	9.01691E-15	4.43265E-15	9.94215E-15	0	-8.14422E-15	-1.50599E-20	-1.24339E-14	-1.21143E-14
71.5278	1.43428E-13	6.89971E-14	7.39139E-16	8.28057E-15	8.15457E-15	3.9226E-15	9.39232E-15	0	-8.07439E-15	-1.62244E-20	-1.28258E-14	-9.54377E-15
71.6944	1.38527E-13	6.66705E-14	6.99265E-16	7.98562E-15	7.88566E-15	3.73575E-15	9.22221E-15	0	-8.23947E-15	-1.71717E-20	-1.31826E-14	-8.8418E-15
71.8611	1.34509E-13	6.4768E-14	6.63502E-16	7.83691E-15	7.77417E-15	3.64012E-15	9.15429E-15	0	-8.44081E-15	-1.80911E-20	-1.35184E-14	-8.69073E-15
72.0278	1.31094E-13	6.31528E-14	6.30838E-16	7.73338E-15	7.71048E-15	3.57291E-15	9.11572E-15	0	-8.64412E-15	-1.89936E-20	-1.38371E-14	-8.70923E-15
72.1944	1.28076E-13	6.17254E-14	6.0065E-16	7.6455E-15	7.66382E-15	3.51576E-15	9.08644E-15	0	-8.8424E-15	-1.9877E-20	-1.4141E-14	-8.78094E-15
72.3611	1.25365E-13	6.04433E-14	5.72557E-16	7.56426E-15	7.62493E-15	3.46307E-15	9.0608E-15	0	-9.03451E-15	-2.07358E-20	-1.44315E-14	-8.86949E-15
72.5278	1.22913E-13	5.92842E-14	5.46299E-16	7.48665E-15	7.59078E-15	3.41291E-15	9.03682E-15	0	-9.22067E-15	-2.15753E-20	-1.47101E-14	-8.96294E-15
72.6944	1.2069E-13	5.82327E-14	5.21691E-16	7.41158E-15	7.56021E-15	3.36458E-15	9.01437E-15	0	-9.40138E-15	-2.23911E-20	-1.49778E-14	-9.0569E-15
72.8611	1.18667E-13	5.72759E-14	4.98592E-16	7.33851E-15	7.53261E-15	3.31771E-15	8.99285E-15	0	-9.57724E-15	-2.31836E-20	-1.52354E-14	-9.14991E-15
72.9444	1.17724E-13	5.68298E-14	4.87571E-16	7.30266E-15	7.51981E-15	3.29477E-15	8.98254E-15	0	-9.66349E-15	-2.3571E-20	-1.53608E-14	-9.19589E-15
73.1111	8.71308E-16	7.93221E-16	5.15957E-16	1.32582E-15	4.48986E-16	4.12304E-16	5.98019E-15	0	-2.2595E-16	-2.08653E-16	-2.13141E-15	-8.13217E-15
73.1944	4.16875E-16	5.98491E-16	5.44595E-16	9.84274E-16	4.65339E-16	1.84767E-16	6.05941E-15	0	-2.12164E-16	-3.24637E-16	-2.17747E-15	-9.51912E-15
73.3611	7.95743E-17	4.31888E-16	5.6476E-16	6.64812E-16	3.9364E-16	3.40239E-17	6.40076E-15	0	-1.69283E-16	-3.43671E-16	-1.73164E-15	-1.1022E-14
73.5278	2.5949E-17	3.91919E-16	5.38151E-16	5.42915E-16	3.30976E-16	1.08245E-17	6.63476E-15	0	-1.46745E-16	-3.53961E-16	-1.39922E-15	-1.16035E-14
73.6944	1.90772E-17	3.79506E-16	4.94457E-16	4.79785E-16	2.90423E-16	7.85811E-18	6.82884E-15	0	-1.34166E-16	-3.61319E-16	-1.19142E-15	-1.19968E-14
73.8611	1.87466E-17	3.73299E-16	4.47339E-16	4.38744E-16	2.63557E-16	7.64582E-18	6.98963E-15	0	-1.2756E-16	-3.66844E-16	-1.05519E-15	-1.22825E-14
74.0278	1.91669E-17	3.69641E-16	4.02133E-16	4.10297E-16	2.45368E-16	7.76352E-18	7.1243E-15	0	-1.24737E-16	-3.71129E-16	-9.63116E-16	-1.2487E-14
74.1944	1.95809E-17	3.67516E-16	3.60678E-16	3.90243E-16	2.32896E-16	7.88961E-18	7.23856E-15	0	-1.24498E-16	-3.74512E-16	-8.99568E-16	-1.26271E-14
74.3611	1.99141E-17	3.66432E-16	3.2341E-16	3.76013E-16	2.25449E-16	7.9922E-18	7.33076E-15	0	-1.26097E-16	-3.7721E-16	-8.55043E-16	-1.27108E-14
74.5278	2.01744E-17	3.66076E-16	2.90218E-16	3.6588E-16	2.18345E-16	8.07297E-18	7.42322E-15	0	-1.29034E-16	-3.79378E-16	-8.23486E-16	-1.27679E-14
74.6944	2.03816E-17	3.6623E-16	2.60786E-16	3.58641E-16	2.14287E-16	8.13699E-18	7.50016E-15	0	-1.32961E-16	-3.81133E-16	-8.00893E-16	-1.27902E-14
74.8611	2.05487E-17	3.66739E-16	2.34738E-16	3.53456E-16	2.11552E-16	8.18943E-18	7.56998E-15	0	-1.37625E-16	-3.82561E-16	-7.84567E-16	-1.27914E-14
75.0278	2.06882E-17	3.67493E-16	2.11702E-16	3.49733E-16	2.09759E-16	8.23363E-18	7.63428E-15	0	-1.42839E-16	-3.83732E-16	-7.72651E-16	-1.27771E-14
75.1944	2.08074E-17	3.68416E-16	1.91327E-16	3.4705E-16	2.08639E-16	8.27087E-18	7.69428E-15	0	-1.48465E-16	-3.84697E-16	-7.63858E-16	-1.2752E-14
75.3611	2.09116E-17	3.69449E-16	1.73298E-16	3.45111E-16	2.08001E-16	8.30456E-18	7.75089E-15	0	-1.54396E-16	-3.85496E-16	-7.57287E-16	-1.27192E-14
75.5278	2.1006E-17	3.70557E-16	1.57335E-16	3.43704E-16	2.0771E-16	8.33475E-18	7.80472E-15	0	-1.6055E-16	-3.86158E-16	-7.52301E-16	-1.26812E-14
75.6944	2.10949E-17	3.71709E-16	1.43189E-16	3.42677E-16	2.0767E-16	8.36437E-18	7.85627E-15	0	-1.66868E-16	-3.86706E-16	-7.48452E-16	-1.26396E-14
75.8611	2.11781E-17	3.72885E-16	1.30644E-16	3.41925E-16	2.07809E-16	8.39177E-18	7.90589E-15	0	-1.733E-16	-3.87159E-16	-7.45422E-16	-1.25957E-14
76.0278	2.12586E-17	3.74073E-16	1.1951E-16	3.41371E-16	2.0808E-16	8.41776E-18	7.95381E-15	0	-1.79813E-16	-3.87528E-16	-7.42984E-16	-1.25505E-14
76.1944	2.13377E-17	3.75261E-16	1.09619E-16	3.40957E-16	2.08447E-16	8.44393E-18	8.00022E-15	0	-1.86377E-16	-3.87825E-16	-7.40978E-16	-1.25045E-14
76.3611	2.14159E-17	3.76443E-16	1.00825E-16	3.4065E-16	2.08885E-16	8.47011E-18	8.04527E-15	0	-1.92971E-16	-3.88058E-16	-7.39288E-16	-1.24581E-14
76.5278	2.14942E-17	3.77615E-16	9.30015E-17	3.40416E-16	2.09373E-16	8.4965E-18	8.08905E-15	0	-1.99583E-16	-3.88232E-16	-7.37832E-16	-1.24118E-14
76.6944	2.15712E-17	3.78772E-16	8.60355E-17	3.4024E-16	2.099E-16	8.52241E-18	8.13165E-15	0	-2.06196E-16	-3.88353E-16	-7.36553E-16	-1.23657E-14
76.8611	2.16499E-17	3.79912E-16	7.98282E-17	3.40105E-16	2.10455E-16	8.54961E-18	8.17312E-15	0	-2.12802E-16	-3.88426E-16	-7.35405E-16	-1.232E-14
77.0278	2.07179E-17	3.69879E-16	7.63393E-17	3.23201E-16	2.02767E-16	8.16525E-18	8.0989E-15	-2.53103E-16	-2.19293E-16	-3.89768E-16	-6.9579E-16	-1.16747E-14
77.1944	1.68828E-17	3.47887E-16	1.30805E-16	2.55342E-16	2.07688E-16	6.56705E-18	7.84035E-15	-3.51227E-15	-2.6252E-16	-4.58061E-16	-5.32508E-16	-9.22374E-15
77.3611	1.4277E-17	4.10448E-16	1.47524E-16	2.03898E-16	2.89962E-16	5.38557E-18	8.02921E-15	-9.69041E-15	-3.84888E-16	-7.6192E-16	-3.86023E-16	-7.30578E-15
77.5278	1.29653E-17	5.35966E-16	1.36467E-16	1.7847E-16	3.63674E-16	4.72855E-18	8.44752E-15	-1.669E-14	-5.04435E-16	-1.21891E-15	-2.88596E-16	-6.1738E-15
77.6944	1.24556E-17	6.97254E-16	1.82993E-16	1.71483E-16	3.55955E-16	4.41653E-18	8.97645E-15	-2.3466E-14	-6.00445E-16	-1.77133E-15	-2.28964E-16	-5.58404E-15
77.8611	1.2585E-17	9.0476E-16	2.5047E-16	1.7818E-16	2.87883E-16	4.35929E-18	9.61827E-15	-2.96578E-14	-6.97572E-16	-2.47445E-15	-1.9188E-16	-5.3673E-15
78.0278	1.3275E-17	1.14866E-15	3.31521E-16	1.93955E-16	2.22194E-16	4.50773E-18	1.03816E-14	-3.51849E-14	-8.14116E-16	-3.2938E-15	-1.67547E-16	-5.42252E-15
78.1944	1.44088E-17	1.41649E-15	4.22625E-16	2.1543E-16	1.92622E-16	4.81174E-18	1.12476E-14	-4.0071E-14	-9.53297E-16	-4.19354E-15	-1.5047E-16	-5.66927E-15
78.3611	1.58531E-17	1.69848E-15	5.21594E-16	2.40413E-16	1.93749E-16	5.22318E-18	1.2183E-14	-4.43739E-14	-1.10992E-15	-5.1508E-15	-1.37813E-16	-6.04244E-15
78.5278	1.75244E-17	1.98816E-15	6.26993E-16	2.67596E-16	2.09951E-16	5.71172E-18	1.31649E-14	-4.81577E-14	-1.27946E-15	-6.1506E-15	-1.28066E-16	-6.50224E-15
78.6944	1.93791E-17	2.28158E-15	7.37848E-16	2.96201E-16	2.32079E-16	6.26256E-18	1.41814E-14	-5.1483E-14	-1.45941E-15	-7.18268E-15	-1.20352E-16	-7.02633E-15
78.8611	2.13946E-17	2.57629E-15	8.53467E-16	3.25753E-16	2.5698E-16	6.86617E-18	1.52257E-14	-5.44037E-14	-1.64829E-15	-8.23924E-15	-1.1411E-16	-7.60101E-15
79.0278	2.35582E-17	2.8707E-15	9.73332E-16	3.55934E-16	2.83797E-16	7.51944E-18	1.62938E-14	-5.69666E-14	-1.84501E-15	-9.31358E-15	-1.0897E-16	-8.21678E-15
79.1944	2.58617E-17	3.16373E-15	1.09705E-15	3.86535E-16	3.12244E-16	8.21633E-18	1.73827E-14	-5.92119E-14	-2.04864E-15	-1.03995E-14	-1.04673E-16	-8.86639E-15
79.3611	2.83014E-17	3.45466E-15	1.22431E-15	4.17405E-16	3.4215E-16	8.95861E-18	1.84898E-14	-6.11743E-14	-2.25828E-15	-1.14911E-14	-1.01036E-16	-9.54401E-15
79.5278	3.08745E-17	3.74299E-15	1.35492E-15	4.48442E-16	3.73381E-16	9.74351E-18	1.9613E-14	-6.28833E-14	-2.4731E-15	-1.25822E-14	-9.79261E-17	-1.02447E-14
79.6944	3.35825E-17	4.02838E-15	1.48875E-15	4.79567E-16	4.05808E-16	1.05706E-17	2.07503E-14	-6.43647E-14	-2.69229E-15	-1.36669E-14	-9.52402E-17	-1.09642E-14
79.8611	3.64256E-17	4.31061E-15	1.62575E-15	5.10729E-16	4.39317E-16	1.14397E-17	2.18996E-14	-6.56407E-14	-2.91501E-15	-1.47392E-14	-9.29032E-17	-1.16985E-14
80.0278	3.94062E-17	4.58954E-15	1.76598E-15	5.4189E-16	4.73791E-16	1.23526E-17	2.3059E-14	-6.67309E-14	-3.14047E-15	-1.57932E-14	-9.08542E-17	-1.24441E-14
80.1944	4.25229E-17	4.8651E-15	1.90956E-15	5.73019E-16	5.09114E-16	1.33087E-17	2.42265E-14	-6.76523E-14	-3.36787E-15	-1.68229E-14	-8.90449E-17	-1.31977E-14
80.3611	4.5779E-17	5.13724E-15	2.05671E-15	6.04096E-16	5.45174E-16	1.43086E-17	2.54003E-14	-6.842E-14	-3.59642E-15	-1.78225E-14	-8.74394E-17	-1.39562E-14
80.5278	4.9174E-17	5.40591E-15	2.20769E-15	6.35102E-16	5.81851E-16	1.53516E-17	2.65784E-14	-6.90476E-14	-3.82535E-15	-1.87867E-14	-8.60067E-17	-1.47166E-14
80.6944	5.2717E-17	5.67111E-15	2.36284E-15	6.66032E-16	6.19031E-16	1.64367E-17	2.77592E-14	-6.9547E-14	-4.05391E-15	-1.971E-14	-8.47142E-17	-1.54762E-14
80.8611	5.63762E-17	5.9328E-15	2.52251E-15	6.96841E-16	6.56595E-16	1.75655E-17	2.89407E-14	-6.99294E-14	-4.28138E-15	-2.05877E-14	-8.35615E-17	-1.62322E-14
81.0278	6.01783E-17	6.19096E-15	2.68709E-15	7.27545E-16	6.94428E-16	1.87342E-17	3.01214E-14	-7.02044E-14	-4.50707E-15	-2.14151E-14	-8.25112E-17	-1.69823E-14
81.1944	6.41064E-17	6.44553E-15	2.85692E-15	7.58114E-16	7.32411E-16	1.99438E-17	3.12997E-14	-7.03813E-14	-4.7303E-15	-2.21882E-14	-8.15556E-17	-1.77239E-14
81.3611	6.81539E-17	6.69644E-15	3.03234E-15	7.8853E-16	7.7043E-16	2.11893E-17	3.24739E-14	-7.04682E-14	-4.95047E-15	-2.29035E-14	-8.06836E-17	-1.8455E-14
81.5278	7.23109E-17	6.94355E-15	3.21363E-15	8.18766E-16	8.08369E-16	2.24698E-17	3.36424E-14	-7.04729E-14	-5.16697E-15	-2.35581E-14	-7.98851E-17	-1.91734E-14
81.6944	7.65674E-17	7.18673E-15	3.401E-15	8.48795E-16	8.46116E-16	2.37803E-17	3.48037E-14	-7.04022E-14	-5.37928E-15	-2.41495E-14	-7.91505E-17	-1.98772E-14
81.8611	8.09103E-17	7.42574E-15	3.59458E-15	8.78577E-16	8.83557E-16	2.51171E-17	3.59557E-14	-7.02628E-14	-5.58687E-15	-2.46759E-14	-7.84732E-17	-2.05645E-14
82.0278	8.53226E-17	7.6603E-15	3.79439E-15	9.08071E-16	9.20584E-16	2.64766E-17	3.70968E-14	-7.00607E-14	-5.78928E-15	-2.51361E-14	-7.78471E-17	-2.12337E-14
82.1944	8.97894E-17	7.89006E-15	4.00035E-15	9.37219E-16	9.57089E-16	2.78533E-17	3.82246E-14	-6.98013E-14	-5.98607E-15	-2.55295E-14	-7.72692E-17	-2.18831E-14
82.3611	9.42904E-17	8.11457E-15	4.21232E-15	9.65963E-16	9.92965E-16	2.92396E-17	3.93368E-14	-6.949E-14	-6.17683E-15	-2.58559E-14	-7.67335E-17	-2.25112E-14
82.5278	9.88072E-17	8.33332E-15	4.43002E-15	9.94227E-16	1.0281E-15	3.06313E-17	4.04307E-14	-6.91315E-14	-6.36119E-15	-2.61158E-14	-7.62381E-17	-2.31166E-14
82.6944	1.03319E-16	8.54567E-15	4.65312E-15	1.02193E-15	1.06241E-15	3.20218E-17	4.15035E-14	-6.87301E-14	-6.53878E-15	-2.63101E-14	-7.57813E-17	-2.3698E-14
82.8611	1.07803E-16	8.75093E-15	4.88121E-15	1.04897E-15	1.09577E-15	3.34038E-17	4.25518E-14	-6.829E-14	-6.70924E-15	-2.64401E-14	-7.53603E-17	-2.42539E-14
83.0278	1.12236E-16	8.94829E-15	5.11384E-15	1.07525E-15	1.12808E-15	3.47695E-17	4.35722E-14	-6.78148E-14	-6.87226E-15	-2.65076E-14	-7.49733E-17	-2.47831E-14
83.0833	1.1399E-16	9.02483E-15	5.20805E-15	1.08553E-15	1.14069E-15	3.53105E-17	4.39717E-14	-6.76156E-14	-6.93531E-15	-2.65174E-14	-7.48293E-17	-2.4987E-14
83.25	4.46799E-16	9.60619E-15	4.54576E-15	1.3404E-15	3.02413E-15	1.21002E-16	7.07376E-14	-2.23626E-14	-1.42975E-14	-6.89989E-15	-2.23398E-16	-4.64348E-14
83.3333	7.53959E-14	6.07479E-14	3.05226E-15	2.87838E-14	1.07942E-13	1.67016E-14	7.36185E-14	-1.53531E-18	-2.04279E-13	-7.94764E-20	-1.70383E-15	-2.85451E-14
83.5	1.28884E-13	6.83958E-14	3.25003E-15	5.36131E-14	7.27612E-14	3.2631E-14	6.86895E-14	-6.58928E-18	-1.6641E-13	-3.41808E-19	-2.26679E-15	-2.03185E-14
83.6667	1.01134E-13	5.52975E-14	3.35972E-15	5.2628E-14	6.81915E-14	3.20071E-14	7.16219E-14	-9.83525E-18	-1.66985E-13	-5.15752E-19	-2.30748E-15	-1.78683E-14
83.8333	9.30258E-14	5.16241E-14	3.44075E-15	5.30991E-14	6.65982E-14	3.22827E-14	7.56002E-14	-1.26439E-17	-1.69972E-13	-6.69193E-19	-2.31471E-15	-1.83078E-14
84	9.27877E-14	5.16614E-14	3.50686E-15	5.35795E-14	6.47844E-14	3.25659E-14	7.97161E-14	-1.56542E-17	-1.71557E-13	-8.35338E-19	-2.30157E-15	-1.96109E-14
84.1667	9.31127E-14	5.19382E-14	3.56184E-15	5.39263E-14	6.26297E-14	3.27685E-14	8.37974E-14	-1.88569E-17	-1.71664E-13	-1.01285E-18	-2.27427E-15	-2.15179E-14
84.3333	9.32974E-14	5.21181E-14	3.60819E-15	5.41083E-14	6.02918E-14	3.28712E-14	8.77051E-14	-2.21494E-17	-1.70577E-13	-1.19496E-18	-2.23864E-15	-2.38319E-14
84.5	9.32144E-14	5.21392E-14	3.64778E-15	5.41089E-14	5.79009E-14	3.28633E-14	9.13261E-14	-2.54386E-17	-1.6859E-13	-1.37511E-18	-2.19944E-15	-2.63688E-14
84.6389	9.29752E-14	5.20486E-14	3.67226E-15	5.39972E-14	5.62393E-14	3.27896E-14	9.36451E-14	-2.7702E-17	-1.66791E-13	-1.49719E-18	-2.17169E-15	-2.81963E-14
84.8056	4.52393E-15	8.61875E-15	5.5834E-15	3.19403E-15	2.61085E-15	1.48295E-15	3.50067E-14	-5.2028E-14	-1.00192E-14	-1.71656E-14	-2.20406E-16	-1.67883E-14
84.8889	1.75133E-15	8.2852E-15	6.32139E-15	1.77444E-15	1.78216E-15	5.49305E-16	3.407E-14	-7.43957E-14	-1.01439E-14	-2.92047E-14	-2.05146E-16	-1.61276E-14
85.0556	2.98169E-16	7.7553E-15	6.5676E-15	1.03523E-15	1.33949E-15	9.3386E-17	3.53965E-14	-7.6548E-14	-8.16208E-15	-2.99099E-14	-1.61159E-16	-1.75556E-14
85.2222	9.81418E-17	7.66217E-15	6.7776E-15	9.26498E-16	1.13116E-15	3.06398E-17	3.63336E-14	-7.69681E-14	-6.86905E-15	-2.99651E-14	-1.33486E-16	-1.83298E-14
85.3889	7.32883E-17	7.6263E-15	7.00685E-15	9.0795E-16	1.00078E-15	2.2838E-17	3.70647E-14	-7.68389E-14	-6.04947E-15	-2.97017E-14	-1.16113E-16	-1.8865E-14
85.5556	7.17577E-17	7.58215E-15	7.24778E-15	9.01387E-16	9.17994E-16	2.23524E-17	3.7657E-14	-7.63619E-14	-5.52189E-15	-2.92195E-14	-1.04884E-16	-1.92731E-14
85.7222	7.31919E-17	7.5241E-15	7.49629E-15	8.96177E-16	8.65726E-16	2.27955E-17	3.81463E-14	-7.5646E-14	-5.18037E-15	-2.85799E-14	-9.75341E-17	-1.95997E-14
85.8889	7.48925E-17	7.4525E-15	7.75007E-15	8.90675E-16	8.33432E-16	2.33234E-17	3.85472E-14	-7.47587E-14	-4.95964E-15	-2.78231E-14	-9.27344E-17	-1.98643E-14
86.0556	7.64835E-17	7.36751E-15	8.0078E-15	8.84403E-16	8.14197E-16	2.38187E-17	3.88624E-14	-7.3745E-14	-4.81726E-15	-2.69777E-14	-8.9665E-17	-2.00732E-14
86.2222	7.789E-17	7.26885E-15	8.26873E-15	8.77049E-16	8.0333E-16	2.42558E-17	3.90889E-14	-7.26358E-14	-4.72485E-15	-2.60649E-14	-8.77864E-17	-2.02271E-14
86.3889	7.90707E-17	7.15602E-15	8.53245E-15	8.68373E-16	7.9759E-16	2.46238E-17	3.92227E-14	-7.14527E-14	-4.66297E-15	-2.51004E-14	-8.67639E-17	-2.0325E-14
86.5556	7.99998E-17	7.02866E-15	8.7988E-15	8.58193E-16	7.94721E-16	2.49148E-17	3.92601E-14	-7.02101E-14	-4.61825E-15	-2.40963E-14	-8.63619E-17	-2.0366E-14
86.7222	8.06589E-17	6.88649E-15	9.0678E-15	8.46384E-16	7.9315E-16	2.51231E-17	3.91988E-14	-6.89173E-14	-4.58145E-15	-2.30621E-14	-8.64257E-17	-2.03498E-14
86.8889	8.10342E-17	6.72943E-15	9.33962E-15	8.32868E-16	7.91778E-16	2.5244E-17	3.90376E-14	-6.75799E-14	-4.54617E-15	-2.20052E-14	-8.68548E-17	-2.02768E-14
87.0556	8.11199E-17	6.55756E-15	9.61457E-15	8.17609E-16	7.89838E-16	2.52766E-17	3.87762E-14	-6.62004E-14	-4.50799E-15	-2.09315E-14	-8.75819E-17	-2.0148E-14
87.2222	8.09142E-17	6.37116E-15	9.89313E-15	8.00608E-16	7.86804E-16	2.52188E-17	3.84157E-14	-6.47792E-14	-4.46392E-15	-1.98459E-14	-8.85679E-17	-1.99651E-14
87.3889	8.04186E-17	6.17063E-15	1.0176E-14	7.81894E-16	7.82322E-16	2.50735E-17	3.79577E-14	-6.33147E-14	-4.41197E-15	-1.87527E-14	-8.97915E-17	-1.97298E-14
87.5556	7.964E-17	5.95658E-15	1.04639E-14	7.61528E-16	7.76164E-16	2.48409E-17	3.74048E-14	-6.18043E-14	-4.35088E-15	-1.76557E-14	-9.12456E-17	-1.94447E-14
87.7222	7.85866E-17	5.72974E-15	1.07582E-14	7.39593E-16	7.68196E-16	2.45245E-17	3.67604E-14	-6.02437E-14	-4.2799E-15	-1.65582E-14	-9.29354E-17	-1.91123E-14
87.8889	7.72724E-17	5.49098E-15	1.10602E-14	7.16199E-16	7.58356E-16	2.41278E-17	3.60283E-14	-5.86275E-14	-4.1987E-15	-1.54633E-14	-9.48755E-17	-1.87357E-14
88.0556	7.57111E-17	5.24132E-15	1.13718E-14	6.91479E-16	7.46635E-16	2.36563E-17	3.52132E-14	-5.69489E-14	-4.10722E-15	-1.43741E-14	-9.70916E-17	-1.83182E-14
88.2222	7.39214E-17	4.98188E-15	1.16955E-14	6.65585E-16	7.33072E-16	2.31151E-17	3.43207E-14	-5.51998E-14	-4.00565E-15	-1.32933E-14	-9.96195E-17	-1.78636E-14
88.3889	7.19227E-17	4.71392E-15	1.20342E-14	6.38693E-16	7.17739E-16	2.25113E-17	3.33566E-14	-5.33708E-14	-3.89433E-15	-1.2224E-14	-1.02506E-16	-1.7376E-14
88.5556	6.97374E-17	4.43878E-15	1.23922E-14	6.11004E-16	7.00741E-16	2.1851E-17	3.23278E-14	-5.14504E-14	-3.77375E-15	-1.1169E-14	-1.05815E-16	-1.68598E-14
88.7222	6.73901E-17	4.1579E-15	1.27747E-14	5.82741E-16	6.82212E-16	2.11427E-17	3.12417E-14	-4.94253E-14	-3.64452E-15	-1.01311E-14	-1.09632E-16	-1.63201E-14
88.8889	6.49064E-17	3.87283E-15	1.31886E-14	5.5416E-16	6.62314E-16	2.03947E-17	3.01065E-14	-4.72796E-14	-3.50733E-15	-9.11346E-15	-1.14064E-16	-1.57623E-14
89.0556	6.23164E-17	3.58517E-15	1.36434E-14	5.25546E-16	6.41238E-16	1.96164E-17	2.89314E-14	-4.49944E-14	-3.36296E-15	-8.11913E-15	-1.19262E-16	-1.51926E-14
89.2222	5.96495E-17	3.29664E-15	1.41515E-14	4.97234E-16	6.19201E-16	1.88177E-17	2.77269E-14	-4.25473E-14	-3.21224E-15	-7.15144E-15	-1.25427E-16	-1.46182E-14
89.3889	5.69426E-17	3.00907E-15	1.473E-14	4.69624E-16	5.96462E-16	1.80106E-17	2.65048E-14	-3.99115E-14	-3.05603E-15	-6.21395E-15	-1.32841E-16	-1.40474E-14
89.5556	5.42329E-17	2.72446E-15	1.54023E-14	4.43207E-16	5.7332E-16	1.7209E-17	2.52793E-14	-3.7055E-14	-2.89528E-15	-5.31069E-15	-1.41905E-16	-1.34904E-14
89.7222	5.15674E-17	2.44502E-15	1.62007E-14	4.18625E-16	5.50131E-16	1.64287E-17	2.40678E-14	-3.39401E-14	-2.73091E-15	-4.44639E-15	-1.53214E-16	-1.29604E-14
89.8889	4.90031E-17	2.17342E-15	1.717E-14	3.96763E-16	5.27323E-16	1.56907E-17	2.28931E-14	-3.05229E-14	-2.56392E-15	-3.6269E-15	-1.67673E-16	-1.24751E-14
90.0556	4.6617E-17	1.91298E-15	1.83702E-14	3.78912E-16	5.0542E-16	1.50234E-17	2.17851E-14	-2.67548E-14	-2.39531E-15	-2.8599E-15	-1.86714E-16	-1.20605E-14
90.2222	4.45198E-17	1.66825E-15	1.98724E-14	3.67094E-16	4.85058E-16	1.44699E-17	2.07839E-14	-2.25877E-14	-2.22616E-15	-2.15602E-15	-2.12712E-16	-1.17569E-14
90.3889	4.2888E-17	1.44583E-15	2.17186E-14	3.64648E-16	4.67004E-16	1.40993E-17	1.99363E-14	-1.79903E-14	-2.05755E-15	-1.53029E-15	-2.49767E-16	-1.16309E-14
90.5556	4.20155E-17	1.25556E-15	2.37153E-14	3.77291E-16	4.52246E-16	1.40274E-17	1.92582E-14	-1.29921E-14	-1.89044E-15	-1.00373E-15	-3.05184E-16	-1.17977E-14
90.7222	4.23694E-17	1.11125E-15	2.45611E-14	4.14481E-16	4.34798E-16	1.44444E-17	1.85132E-14	-7.80002E-15	-1.72398E-15	-6.03104E-16	-3.91509E-16	-1.24254E-14
90.8889	4.44328E-17	1.0262E-15	1.98682E-14	4.87261E-16	4.41878E-16	1.55548E-17	1.6894E-14	-3.07991E-15	-1.55005E-15	-3.53438E-16	-5.23983E-16	-1.37881E-14
91.0556	4.77387E-17	9.97807E-16	1.17888E-14	5.84701E-16	4.55392E-16	1.71589E-17	1.4815E-14	-3.15885E-16	-1.37381E-15	-2.4952E-16	-6.85375E-16	-1.55968E-14
91.2222	4.92246E-17	9.88728E-16	1.86244E-14	6.28545E-16	4.62668E-16	1.78899E-17	1.6277E-14	-4.15201E-23	-1.28259E-15	-2.25713E-16	-7.58389E-16	-1.6413E-14
91.3889	4.91119E-17	9.78105E-16	2.40445E-14	6.27922E-16	4.58304E-16	1.78739E-17	1.74443E-14	0	-1.25855E-15	-2.22039E-16	-7.62017E-16	-1.64129E-14
91.5556	4.9216E-17	9.75077E-16	2.536E-14	6.27805E-16	4.56577E-16	1.79193E-17	1.77562E-14	0	-1.25318E-15	-2.22731E-16	-7.65103E-16	-1.64599E-14
91.7222	4.93429E-17	9.73107E-16	2.43534E-14	6.27739E-16	4.55388E-16	1.79709E-17	1.75574E-14	0	-1.25121E-15	-2.24419E-16	-7.68087E-16	-1.65088E-14
91.8889	4.94536E-17	9.71088E-16	2.23282E-14	6.27472E-16	4.54312E-16	1.80145E-17	1.71328E-14	0	-1.2499E-15	-2.26412E-16	-7.70597E-16	-1.65471E-14
92.0556	4.95479E-17	9.68918E-16	1.99857E-14	6.26968E-16	4.53274E-16	1.80513E-17	1.66386E-14	0	-1.24874E-15	-2.28527E-16	-7.72505E-16	-1.65729E-14
92.2222	4.96264E-17	9.666E-16	1.76604E-14	6.26247E-16	4.52252E-16	1.80817E-17	1.61489E-14	0	-1.24753E-15	-2.30677E-16	-7.73813E-16	-1.65867E-14
92.3889	4.96918E-17	9.64144E-16	1.54974E-14	6.25335E-16	4.5123E-16	1.81057E-17	1.56954E-14	0	-1.24615E-15	-2.3281E-16	-7.74573E-16	-1.65896E-14
92.5556	4.97464E-17	9.61553E-16	1.35495E-14	6.24264E-16	4.502E-16	1.81256E-17	1.52891E-14	0	-1.24452E-15	-2.34891E-16	-7.74854E-16	-1.65826E-14
92.7222	4.97913E-17	9.58833E-16	1.18256E-14	6.23058E-16	4.49157E-16	1.81423E-17	1.49316E-14	0	-1.24261E-15	-2.36899E-16	-7.74726E-16	-1.6567E-14
92.8889	7.47143E-17	9.71286E-16	1.03146E-14	5.97715E-16	4.48097E-16	1.80166E-17	1.45893E-14	0	-1.27014E-15	-2.38821E-16	-7.47143E-16	-1.65178E-14
93.0556	4.98582E-17	9.53046E-16	8.99739E-15	6.20331E-16	4.48896E-16	1.8165E-17	1.43548E-14	0	-1.23796E-15	-2.40651E-16	-7.7349E-16	-1.6516E-14
93.2222	4.9883E-17	9.50002E-16	7.85225E-15	6.18848E-16	4.36397E-16	1.81729E-17	1.4126E-14	0	-1.23525E-15	-2.42387E-16	-7.72486E-16	-1.64691E-14
93.3889	4.99028E-17	9.46873E-16	6.8581E-15	6.17304E-16	4.44829E-16	1.81794E-17	1.39163E-14	0	-1.23233E-15	-2.4403E-16	-7.71286E-16	-1.64395E-14
93.5556	4.84202E-17	9.42332E-16	5.99533E-15	6.14565E-16	4.43718E-16	1.81963E-17	1.37366E-14	0	-1.22912E-15	-2.45583E-16	-7.70995E-16	-1.63956E-14
93.7222	4.99308E-17	9.40407E-16	5.24653E-15	6.14081E-16	4.426E-16	1.81871E-17	1.35939E-14	0	-1.22592E-15	-2.47048E-16	-7.68424E-16	-1.6348E-14
93.8889	4.99414E-17	9.37093E-16	4.59628E-15	6.12421E-16	4.4148E-16	1.81895E-17	1.34652E-14	0	-1.22249E-15	-2.48429E-16	-7.6682E-16	-1.62974E-14
94.0556	4.99487E-17	9.33737E-16	4.03116E-15	6.1074E-16	4.40358E-16	1.81912E-17	1.33541E-14	0	-1.21896E-15	-2.49731E-16	-7.65133E-16	-1.62443E-14
94.2222	4.99547E-17	9.30349E-16	3.53962E-15	6.09044E-16	4.39237E-16	1.81919E-17	1.32582E-14	0	-1.21533E-15	-2.50958E-16	-7.6338E-16	-1.61891E-14
94.3889	4.99594E-17	9.26935E-16	3.11167E-15	6.07339E-16	4.38119E-16	1.8193E-17	1.31753E-14	0	-1.21164E-15	-2.52114E-16	-7.61578E-16	-1.6132E-14
94.4444	4.99603E-17	9.25851E-16	2.98798E-15	6.06798E-16	4.37766E-16	1.81929E-17	1.31515E-14	0	-1.21046E-15	-2.52466E-16	-7.60999E-16	-1.61136E-14
94.6111	5.14173E-17	9.28156E-16	2.58996E-15	5.90333E-16	4.31179E-16	1.87809E-17	1.32478E-14	0	-1.19992E-15	-2.37062E-16	-7.29845E-16	-1.60016E-14
94.7778	5.43413E-17	9.33788E-16	2.2249E-15	5.85982E-16	4.37925E-16	1.99245E-17	1.33247E-14	0	-1.2319E-15	-2.20578E-16	-7.21323E-16	-1.58072E-14
94.9444	5.80123E-17	9.44075E-16	1.90944E-15	5.95051E-16	4.59254E-16	2.13689E-17	1.34053E-14	0	-1.30512E-15	-2.03162E-16	-7.36517E-16	-1.56111E-14
95.1111	6.25445E-17	9.59236E-16	1.64391E-15	6.16547E-16	4.95834E-16	2.31613E-17	1.34984E-14	0	-1.42147E-15	-1.84936E-16	-7.74164E-16	-1.543E-14
95.2778	6.82761E-17	9.80048E-16	1.42288E-15	6.50434E-16	5.49442E-16	2.54335E-17	1.36123E-14	0	-1.58688E-15	-1.6601E-16	-8.35074E-16	-1.52799E-14
95.4444	7.57428E-17	1.00789E-15	1.23964E-15	6.97789E-16	6.24207E-16	2.83996E-17	1.3757E-14	0	-1.81295E-15	-1.46457E-16	-9.22661E-16	-1.51744E-14
95.6111	8.58127E-17	1.04506E-15	1.08787E-15	7.61209E-16	7.27695E-16	3.24015E-17	1.39442E-14	0	-2.12064E-15	-1.26327E-16	-1.04423E-15	-1.51276E-14
95.7778	1.00007E-16	1.09546E-15	9.62172E-16	8.45746E-16	8.73394E-16	3.80441E-17	1.41909E-14	0	-2.54833E-15	-1.0566E-16	-1.21378E-15	-1.5152E-14
95.9444	1.21224E-16	1.16623E-15	8.5811E-16	9.60806E-16	1.08842E-15	4.64839E-17	1.45232E-14	0	-3.17089E-15	-8.4503E-17	-1.45846E-15	-1.52639E-14
96	1.3078E-16	1.19651E-15	8.27606E-16	1.00871E-15	1.18397E-15	5.02853E-17	1.46602E-14	0	-3.44538E-15	-7.73562E-17	-1.56508E-15	-1.53241E-14