TIME	Aqua: aO=C(O)CC(O)(O)O[O] -> aO=C(O)CC(=O)O + aHO2	Aqua: aO=C(O)CC(O)[O] + aO2 -> aO=C(O)CC(=O)O + aHO2	Aqua: aO=C(O)CC(=O)O[O] -> aO=C(O)CC(=O)O + aHO2 + [aH2O	Aqua: aO=C([O-])CC(O)(O)O[O] -> aO=C(O)CC(=O)[O-] + aHO2	Aqua: aO=C([O-])CC(O)[O] + aO2 -> aO=C(O)CC(=O)[O-] + aH	other sources	Aqua: aO=C(O)CC(=O)[O-] + aHO -> aO=C(O)[C]C(=O)[O-] + a	Aqua: aO=C(O)CC(=O)[O-] + aNO3 -> aO=C(O)[C]C(=O)[O-] +	other sinks
24.0278	9.26635E-17	2.97041E-17	1.05412E-16	1.64863E-16	2.82109E-17	1.61415E-17	-2.78274E-16	-1.53812E-15	-3.42879E-16
24.1944	9.29246E-17	2.92397E-17	1.03949E-16	1.70056E-16	2.86509E-17	1.64568E-17	-2.76381E-16	-1.52553E-15	-3.50671E-16
24.3611	9.32899E-17	2.88533E-17	1.02617E-16	1.75148E-16	2.90852E-17	1.68124E-17	-2.75264E-16	-1.51316E-15	-3.57992E-16
24.5278	9.36986E-17	2.85275E-17	1.01542E-16	1.79891E-16	2.9478E-17	1.71695E-17	-2.74382E-16	-1.50128E-15	-3.64385E-16
24.6944	9.41282E-17	2.82504E-17	1.00727E-16	1.8424E-16	2.9824E-17	1.7516E-17	-2.7355E-16	-1.48994E-15	-3.69795E-16
24.8611	9.45702E-17	2.80138E-17	1.00144E-16	1.88213E-16	3.01266E-17	1.78526E-17	-2.72708E-16	-1.47912E-15	-3.74288E-16
24.9444	9.47946E-17	2.79088E-17	9.99297E-17	1.90067E-16	3.02627E-17	1.80158E-17	-2.7228E-16	-1.4739E-15	-3.76219E-16
25.1111	3.64412E-17	3.64412E-17	1.45765E-16	2.05697E-18	5.77396E-19	3.60873E-20	0	-4.37295E-16	-1.80354E-17
25.1944	3.84969E-17	2.02615E-17	1.76275E-16	2.34578E-18	6.43575E-19	1.6259E-17	-1.01308E-17	-5.02486E-16	-1.69162E-17
25.3611	4.31793E-17	2.3029E-17	1.81353E-16	1.87303E-18	5.23874E-19	2.01934E-17	-8.63587E-18	-4.40429E-16	-1.86931E-17
25.5278	4.23123E-17	2.30794E-17	1.65403E-16	1.48719E-18	4.20903E-19	2.312E-17	-7.69315E-18	-3.69271E-16	-1.95076E-17
25.6944	4.34799E-17	2.28365E-17	1.51894E-16	1.24135E-18	3.54097E-19	2.5404E-17	-6.96061E-18	-3.19854E-16	-2.02269E-17
25.8611	4.37407E-17	2.30559E-17	1.41028E-16	9.03926E-19	0	2.71689E-17	-6.49507E-18	-2.84054E-16	-2.1394E-17
26.0278	4.39448E-17	2.32239E-17	1.32313E-16	9.66127E-19	2.77857E-19	2.853E-17	-6.20495E-18	-2.57977E-16	-2.14464E-17
26.1944	4.41155E-17	2.33613E-17	1.25389E-16	8.85808E-19	2.56994E-19	2.95083E-17	-6.03883E-18	-2.3875E-16	-2.19729E-17
26.3611	4.42677E-17	2.3479E-17	1.19921E-16	8.2881E-19	2.40921E-19	3.02188E-17	-5.96467E-18	-2.2446E-16	-2.24631E-17
26.5278	4.44103E-17	2.35839E-17	1.15619E-16	7.87623E-19	2.29188E-19	3.0724E-17	-5.96088E-18	-2.13793E-16	-2.29266E-17
26.6944	4.45483E-17	2.36804E-17	1.12241E-16	7.5758E-19	2.21169E-19	3.1072E-17	-6.01205E-18	-2.05821E-16	-2.33691E-17
26.8611	4.46843E-17	2.37711E-17	1.09589E-16	7.36232E-19	2.15265E-19	3.1299E-17	-6.10673E-18	-1.99869E-16	-2.37966E-17
27.0278	4.48199E-17	2.38581E-17	1.07505E-16	7.21573E-19	2.11227E-19	3.14328E-17	-6.2364E-18	-1.95445E-16	-2.42123E-17
27.1944	4.49556E-17	2.39423E-17	1.05864E-16	7.10621E-19	2.09762E-19	3.14974E-17	-6.39413E-18	-1.92181E-16	-2.4618E-17
27.3611	4.50915E-17	2.40246E-17	1.04565E-16	7.04192E-19	2.06489E-19	3.15077E-17	-6.57462E-18	-1.898E-16	-2.50158E-17
27.5278	4.52277E-17	2.41052E-17	1.03533E-16	7.00252E-19	2.05451E-19	3.14771E-17	-6.77359E-18	-1.88095E-16	-2.54067E-17
27.6944	4.53638E-17	2.41846E-17	1.02706E-16	6.98408E-19	2.05007E-19	3.14156E-17	-6.98758E-18	-1.86907E-16	-2.57915E-17
27.8611	4.54997E-17	2.42629E-17	1.02037E-16	6.98183E-19	2.05022E-19	3.13308E-17	-7.21379E-18	-1.86115E-16	-2.61707E-17
28.0278	4.56351E-17	2.43401E-17	1.01491E-16	6.99173E-19	2.05349E-19	3.12286E-17	-7.44995E-18	-1.85627E-16	-2.65446E-17
28.1944	4.57698E-17	2.44163E-17	1.01039E-16	7.01177E-19	2.06023E-19	3.11135E-17	-7.6942E-18	-1.85373E-16	-2.69136E-17
28.3611	4.59035E-17	2.44916E-17	1.00659E-16	7.03893E-19	2.06869E-19	3.09888E-17	-7.94502E-18	-1.85297E-16	-2.72778E-17
28.5278	4.60361E-17	2.45659E-17	1.00335E-16	7.07182E-19	2.07877E-19	3.08572E-17	-8.20118E-18	-1.85359E-16	-2.76373E-17
28.6944	4.61673E-17	2.46393E-17	1.00054E-16	7.10911E-19	2.0901E-19	3.07206E-17	-8.46167E-18	-1.85526E-16	-2.79921E-17
28.8611	4.62972E-17	2.47116E-17	9.9806E-17	7.14978E-19	2.10239E-19	3.05807E-17	-8.72564E-18	-1.85773E-16	-2.83425E-17
29.0278	4.33808E-17	2.31704E-17	9.09359E-17	6.67235E-19	1.96399E-19	2.80541E-17	-8.9474E-18	-1.69924E-16	-2.75178E-17
29.1944	3.57302E-17	1.91528E-17	6.33136E-17	5.25838E-19	1.55727E-19	2.08751E-17	-1.0478E-17	-1.18786E-16	-2.66341E-17
29.3611	3.47772E-17	1.87459E-17	4.47004E-17	4.76006E-19	1.42451E-19	1.7146E-17	-1.47596E-17	-8.41801E-17	-3.16554E-17
29.5278	3.62223E-17	1.95998E-17	3.41937E-17	4.71217E-19	1.42209E-19	1.55418E-17	-1.88271E-17	-6.46206E-17	-3.71345E-17
29.6944	5.7424E-17	0	0	4.69814E-19	1.37029E-19	1.37029E-19	0	-5.7424E-17	-4.05144E-17
29.8611	3.84273E-17	2.0869E-17	2.37293E-17	4.79577E-19	1.46361E-19	1.41119E-17	-2.38031E-17	-4.51092E-17	-4.35856E-17
30.0278	4.10888E-17	2.23413E-17	2.09483E-17	5.06929E-19	1.54876E-19	1.42614E-17	-2.68883E-17	-3.99158E-17	-4.80542E-17
30.1944	4.51641E-17	2.45819E-17	1.8963E-17	5.52231E-19	1.69191E-19	1.49242E-17	-3.09207E-17	-3.62066E-17	-5.41356E-17
30.3611	5.02588E-17	2.73769E-17	1.74828E-17	6.10944E-19	1.87614E-19	1.59426E-17	-3.56886E-17	-3.34381E-17	-6.14023E-17
30.5278	5.61041E-17	3.05801E-17	1.63441E-17	6.79874E-19	2.09175E-19	1.72175E-17	-4.10332E-17	-3.13042E-17	-6.95513E-17
30.6944	6.25783E-17	3.41258E-17	1.54486E-17	7.57492E-19	2.33401E-19	1.87002E-17	-4.68907E-17	-2.96204E-17	-7.84534E-17
30.8611	6.96231E-17	3.79825E-17	1.47328E-17	8.43124E-19	2.601E-19	2.03656E-17	-5.32367E-17	-2.82675E-17	-8.80518E-17
31.0278	7.72021E-17	4.21305E-17	1.41535E-17	9.3628E-19	2.89121E-19	2.21981E-17	-6.00576E-17	-2.71648E-17	-9.83126E-17
31.1944	8.52872E-17	4.65545E-17	1.36806E-17	0	0	2.37577E-17	-6.73464E-17	-2.62504E-17	-1.01169E-16
31.3611	9.38541E-17	5.12415E-17	1.32925E-17	1.14393E-18	3.53759E-19	2.63252E-17	-7.50775E-17	-2.54983E-17	-1.20713E-16
31.5278	1.0288E-16	5.61792E-17	1.2973E-17	1.25785E-18	3.89191E-19	2.86065E-17	-8.32512E-17	-2.48629E-17	-1.32801E-16
31.6944	1.12343E-16	6.13556E-17	1.27101E-17	1.37812E-18	4.26615E-19	3.10265E-17	-9.1848E-17	-2.43263E-17	-1.45446E-16
31.8611	1.22222E-16	6.6759E-17	1.24947E-17	1.50448E-18	4.65915E-19	3.35819E-17	-1.00851E-16	-2.38706E-17	-1.5862E-16
32.0278	1.32494E-16	7.23771E-17	1.23197E-17	1.63665E-18	5.07015E-19	3.62697E-17	-1.10242E-16	-2.3482E-17	-1.72294E-16
32.1944	1.43137E-16	7.81979E-17	1.21795E-17	1.77434E-18	5.49826E-19	3.90878E-17	-1.2E-16	-2.31496E-17	-1.86436E-16
32.3611	1.54136E-16	8.42122E-17	1.20606E-17	1.91723E-18	5.94249E-19	4.20088E-17	-1.30116E-16	-2.28473E-17	-2.01013E-16
32.5278	1.65443E-16	9.03967E-17	1.1987E-17	2.06507E-18	6.4021E-19	4.51075E-17	-1.40531E-16	-2.26199E-17	-2.15991E-16
32.6944	1.77059E-16	9.67487E-17	1.19285E-17	2.21749E-18	6.87593E-19	4.83063E-17	-1.51254E-16	-2.24099E-17	-2.31331E-16
32.8611	1.8895E-16	1.03251E-16	1.1892E-17	2.37204E-18	7.33026E-19	5.1631E-17	-1.62249E-16	-2.22298E-17	-2.46998E-16
33.0278	2.01091E-16	1.0989E-16	1.18758E-17	2.53487E-18	7.86242E-19	5.50761E-17	-1.73488E-16	-2.20757E-17	-2.62948E-16
33.1944	2.13456E-16	1.16652E-16	1.18785E-17	2.69916E-18	8.37307E-19	5.86451E-17	-1.84944E-16	-2.19446E-17	-2.79143E-16
33.3611	2.26019E-16	1.23522E-16	1.18988E-17	2.86676E-18	8.89394E-19	6.23354E-17	-1.96588E-16	-2.18337E-17	-2.9554E-16
33.5278	2.38753E-16	1.30485E-16	1.1936E-17	3.03732E-18	9.424E-19	6.61458E-17	-2.08391E-16	-2.1741E-17	-3.12093E-16
33.6944	2.51629E-16	1.37526E-16	1.19893E-17	3.21049E-18	9.96217E-19	7.00749E-17	-2.20324E-16	-2.16647E-17	-3.2876E-16
33.8611	2.64618E-16	1.44628E-16	1.20581E-17	3.38593E-18	1.05074E-18	7.41205E-17	-2.32357E-16	-2.16034E-17	-3.45493E-16
34.0278	2.77689E-16	1.51775E-16	1.21419E-17	3.56327E-18	1.10584E-18	7.82804E-17	-2.44458E-16	-2.15559E-17	-3.62246E-16
34.1944	2.9081E-16	1.58949E-16	1.22405E-17	3.74213E-18	1.16142E-18	8.25509E-17	-2.56597E-16	-2.15212E-17	-3.78968E-16
34.3611	3.03947E-16	1.66132E-16	1.23536E-17	3.92211E-18	1.21734E-18	8.6928E-17	-2.68741E-16	-2.14988E-17	-3.95611E-16
34.5278	3.17064E-16	1.73304E-16	1.24809E-17	4.10279E-18	1.27348E-18	9.14065E-17	-2.80857E-16	-2.14882E-17	-4.12122E-16
34.6944	3.30122E-16	1.80444E-16	1.26225E-17	4.28371E-18	1.3297E-18	9.59795E-17	-2.92912E-16	-2.14887E-17	-4.28448E-16
34.8611	3.43082E-16	1.8753E-16	1.27781E-17	4.46442E-18	1.38584E-18	1.00639E-16	-3.04869E-16	-2.15003E-17	-4.44533E-16
35.0278	3.55899E-16	1.94537E-16	1.29477E-17	4.64438E-18	1.44175E-18	1.05375E-16	-3.16693E-16	-2.1523E-17	-4.60322E-16
35.0833	3.60976E-16	1.97313E-16	1.30195E-17	4.71604E-18	1.46401E-18	1.07289E-16	-3.21376E-16	-2.15351E-17	-4.66541E-16
35.25	6.1517E-16	3.43505E-16	1.81326E-17	0	0	1.85108E-16	-8.01309E-16	-3.74944E-17	-1.05447E-15
35.3333	1.23086E-16	6.86106E-17	1.55927E-18	2.93187E-15	9.29802E-16	3.30223E-16	-2.95802E-15	-9.79979E-17	-1.31933E-14
35.5	7.77106E-16	4.32155E-16	1.12654E-17	2.70373E-15	8.53218E-16	4.69402E-16	-4.91539E-15	-2.30596E-16	-3.36288E-15
35.6667	1.18657E-15	6.61964E-16	2.20346E-17	2.01811E-15	6.3773E-16	4.30605E-16	-5.09441E-15	-2.48943E-16	-1.74252E-15
35.8333	1.43873E-15	8.04744E-16	3.32997E-17	1.67552E-15	5.30689E-16	3.79367E-16	-5.18837E-15	-2.53452E-16	-1.24874E-15
36	1.63672E-15	9.16973E-16	4.41969E-17	1.44699E-15	4.59107E-16	3.47718E-16	-5.25533E-15	-2.54685E-16	-1.00719E-15
36.1667	1.80548E-15	1.01259E-15	5.50427E-17	1.26982E-15	4.03408E-16	3.26728E-16	-5.2923E-15	-2.5444E-16	-8.63328E-16
36.3333	1.95008E-15	1.09443E-15	6.58432E-17	1.12734E-15	3.58489E-16	3.1265E-16	-5.29893E-15	-2.53342E-16	-7.72828E-16
36.5	2.07299E-15	1.16391E-15	7.65128E-17	1.01166E-15	3.21934E-16	3.03998E-16	-5.27818E-15	-2.51756E-16	-7.15515E-16
36.6389	2.14731E-15	1.20586E-15	8.38774E-17	9.43424E-16	3.00332E-16	3.00494E-16	-5.24935E-15	-2.50491E-16	-6.88599E-16
36.8056	4.87103E-16	2.68701E-16	3.58595E-17	1.1003E-17	0	6.92046E-17	-3.41061E-16	-4.51513E-17	-2.48386E-16
36.8889	4.86012E-16	2.65098E-16	4.41829E-17	1.39625E-17	4.32674E-18	6.95253E-17	-3.31372E-16	-4.41829E-17	-2.19554E-16
37.0556	5.13291E-16	2.80229E-16	3.25783E-17	1.13708E-17	3.52474E-18	8.27623E-17	-2.81048E-16	-3.64216E-17	-2.44999E-16
37.2222	5.33412E-16	2.911E-16	3.03568E-17	9.5916E-18	2.97368E-18	9.49071E-17	-2.47191E-16	-3.14409E-17	-2.63641E-16
37.3889	5.5049E-16	3.00542E-16	2.8695E-17	8.43588E-18	2.61565E-18	1.04555E-16	-2.23518E-16	-2.79398E-17	-2.78714E-16
37.5556	5.65297E-16	3.0868E-16	2.75387E-17	7.668E-18	2.37822E-18	1.13079E-16	-2.07019E-16	-2.52094E-17	-2.91377E-16
37.7222	5.78743E-16	3.16023E-16	2.66461E-17	7.15277E-18	2.21935E-18	1.20338E-16	-1.95803E-16	-2.33818E-17	-3.02211E-16
37.8889	5.90752E-16	3.22586E-16	2.60474E-17	6.80677E-18	2.11147E-18	1.26562E-16	-1.88279E-16	-2.21527E-17	-3.1153E-16
38.0556	6.01289E-16	3.28343E-16	2.56944E-17	6.57748E-18	2.04039E-18	1.31865E-16	-1.83372E-16	-2.13233E-17	-3.19489E-16
38.2222	6.10197E-16	3.3321E-16	2.554E-17	6.42749E-18	1.99375E-18	1.36333E-16	-1.80294E-16	-2.07942E-17	-3.26144E-16
38.3889	6.17321E-16	3.37101E-16	2.55458E-17	6.33101E-18	1.96407E-18	1.40027E-16	-1.78455E-16	-2.04947E-17	-3.31512E-16
38.5556	6.22535E-16	3.39947E-16	2.56811E-17	6.26964E-18	1.94503E-18	1.42995E-16	-1.77411E-16	-2.03739E-17	-3.35595E-16
38.7222	6.25749E-16	3.417E-16	2.59224E-17	6.2291E-18	1.93327E-18	1.45273E-16	-1.76823E-16	-2.03953E-17	-3.38392E-16
38.8889	6.26908E-16	3.4233E-16	2.6252E-17	6.2002E-18	1.92344E-18	1.46902E-16	-1.76434E-16	-2.05327E-17	-3.39908E-16
39.0556	6.25991E-16	3.41825E-16	2.66574E-17	6.17429E-18	1.91535E-18	1.47903E-16	-1.76048E-16	-2.07676E-17	-3.40153E-16
39.2222	6.23E-16	3.40187E-16	2.71303E-17	6.146E-18	1.9065E-18	1.48301E-16	-1.75512E-16	-2.10875E-17	-3.39143E-16
39.3889	6.17963E-16	3.3743E-16	2.76661E-17	6.11109E-18	1.89559E-18	1.48121E-16	-1.74715E-16	-2.14848E-17	-3.36905E-16
39.5556	6.10925E-16	3.33581E-16	2.82635E-17	6.06647E-18	1.88164E-18	1.47386E-16	-1.73572E-16	-2.19555E-17	-3.3347E-16
39.7222	6.01952E-16	3.28673E-16	2.89238E-17	6.00994E-18	1.86398E-18	1.46118E-16	-1.72023E-16	-2.24989E-17	-3.28878E-16
39.8889	5.91125E-16	3.22752E-16	2.96518E-17	5.94006E-18	1.84217E-18	1.44341E-16	-1.70025E-16	-2.31179E-17	-3.23177E-16
40.0556	5.78541E-16	3.15872E-16	3.04537E-17	5.85573E-18	1.81596E-18	1.42082E-16	-1.67554E-16	-2.38162E-17	-3.1642E-16
40.2222	5.64311E-16	3.08092E-16	3.13412E-17	5.75721E-18	1.7851E-18	1.39374E-16	-1.64598E-16	-2.46035E-17	-3.08673E-16
40.3889	5.48562E-16	2.99481E-16	3.23286E-17	5.64388E-18	1.74975E-18	1.36245E-16	-1.61155E-16	-2.54915E-17	-3.00004E-16
40.5556	5.3143E-16	2.90115E-16	3.34351E-17	5.51638E-18	1.70997E-18	1.32735E-16	-1.57236E-16	-2.6496E-17	-2.9049E-16
40.7222	5.1307E-16	2.80076E-16	3.46864E-17	5.3754E-18	1.66599E-18	1.28885E-16	-1.52858E-16	-2.76387E-17	-2.80218E-16
40.8889	4.93644E-16	2.69454E-16	3.61166E-17	5.22197E-18	1.61812E-18	1.24743E-16	-1.48046E-16	-2.89487E-17	-2.69276E-16
41.0556	4.73331E-16	2.58347E-16	3.77713E-17	5.05741E-18	1.56674E-18	1.20361E-16	-1.42833E-16	-3.04653E-17	-2.57764E-16
41.2222	4.52321E-16	2.46857E-16	3.97131E-17	4.88333E-18	1.51238E-18	1.15799E-16	-1.37257E-16	-3.22421E-17	-2.45784E-16
41.3889	4.30821E-16	2.35097E-16	4.20289E-17	4.70168E-18	1.45562E-18	1.11127E-16	-1.31362E-16	-3.43545E-17	-2.33444E-16
41.5556	4.09057E-16	2.2319E-16	4.48433E-17	4.51479E-18	1.39727E-18	1.06424E-16	-1.25197E-16	-3.69105E-17	-2.20862E-16
41.7222	3.87282E-16	2.11272E-16	4.83399E-17	4.3257E-18	1.33792E-18	1.01788E-16	-1.18815E-16	-4.007E-17	-2.08157E-16
41.8889	3.65787E-16	1.99502E-16	5.27994E-17	4.13797E-18	1.27898E-18	9.7342E-17	-1.12275E-16	-4.40775E-17	-1.95459E-16
42.0556	3.44934E-16	1.88074E-16	5.86687E-17	3.95661E-18	1.22183E-18	9.32549E-17	-1.05638E-16	-4.93232E-17	-1.82913E-16
42.2222	3.25197E-16	1.77243E-16	6.66941E-17	3.78873E-18	1.16859E-18	8.97717E-17	-9.89708E-17	-5.64591E-17	-1.70683E-16
42.3889	3.07255E-16	1.67371E-16	7.81849E-17	3.64529E-18	1.12248E-18	8.72811E-17	-9.23424E-17	-6.663E-17	-1.58966E-16
42.5556	2.92122E-16	1.58997E-16	9.55413E-17	3.54389E-18	1.08865E-18	8.64345E-17	-8.58009E-17	-8.19356E-17	-1.47989E-16
42.7222	2.81183E-16	1.52852E-16	1.23171E-16	3.51146E-18	1.07491E-18	8.83105E-17	-7.92733E-17	-1.06234E-16	-1.37896E-16
42.8889	2.75533E-16	1.49493E-16	1.67731E-16	3.57694E-18	1.08937E-18	9.43048E-17	-7.2303E-17	-1.4536E-16	-1.28344E-16
43.0556	2.75683E-16	1.49202E-16	2.28358E-16	3.74174E-18	1.13262E-18	1.04449E-16	-6.51236E-17	-1.98574E-16	-1.19715E-16
43.2222	2.76074E-16	1.49215E-16	2.61109E-16	4.01347E-18	1.33782E-18	1.10551E-16	-6.11732E-17	-2.27414E-16	-1.15509E-16
43.3889	2.72622E-16	1.47327E-16	2.61605E-16	3.78524E-18	1.1419E-18	1.09368E-16	-5.98288E-17	-2.28107E-16	-1.13178E-16
43.5556	2.71493E-16	1.46714E-16	2.60919E-16	3.77058E-18	1.13744E-18	1.08931E-16	-5.9489E-17	-2.27829E-16	-1.12626E-16
43.7222	2.70916E-16	1.46405E-16	2.60261E-16	3.76531E-18	1.13586E-18	1.08569E-16	-5.93932E-17	-2.27624E-16	-1.12385E-16
43.8889	2.70419E-16	1.46135E-16	2.5958E-16	3.76318E-18	1.13524E-18	1.08177E-16	-5.93795E-17	-2.27439E-16	-1.12197E-16
44.0556	2.69907E-16	1.4586E-16	2.58848E-16	3.76251E-18	1.13507E-18	1.0774E-16	-5.94021E-17	-2.27238E-16	-1.12014E-16
44.2222	2.70784E-16	1.45299E-16	2.57575E-16	3.76188E-18	1.1357E-18	1.06517E-16	-5.94404E-17	-2.24553E-16	-1.11821E-16
44.3889	2.68753E-16	1.45237E-16	2.57243E-16	3.76311E-18	1.13529E-18	1.0674E-16	-5.95007E-17	-2.26767E-16	-1.11605E-16
44.5556	2.68094E-16	1.44884E-16	2.56384E-16	3.7637E-18	1.13549E-18	1.0619E-16	-5.95569E-17	-2.26505E-16	-1.11366E-16
44.7222	2.67383E-16	1.44501E-16	2.55502E-16	3.76429E-18	1.13568E-18	1.05611E-16	-5.96117E-17	-2.26229E-16	-1.11102E-16
44.8889	2.6662E-16	1.44082E-16	2.5461E-16	3.76476E-18	1.13582E-18	1.04992E-16	-5.96546E-17	-2.25949E-16	-1.10813E-16
45.0556	2.65815E-16	1.43655E-16	2.53696E-16	3.76502E-18	1.13574E-18	1.0439E-16	-5.97061E-17	-2.25654E-16	-1.105E-16
45.2222	2.64969E-16	1.43198E-16	2.52782E-16	3.76527E-18	1.13599E-18	1.03757E-16	-5.97437E-17	-2.25362E-16	-1.10166E-16
45.3889	2.6409E-16	1.42723E-16	2.51867E-16	3.76532E-18	1.13601E-18	1.03113E-16	-5.97748E-17	-2.25069E-16	-1.09813E-16
45.5556	2.63183E-16	1.42233E-16	2.50954E-16	3.76525E-18	1.13598E-18	1.0246E-16	-5.97996E-17	-2.24779E-16	-1.09443E-16
45.7222	2.62254E-16	1.41731E-16	2.50045E-16	3.76508E-18	1.13592E-18	1.01802E-16	-5.98187E-17	-2.24493E-16	-1.0906E-16
45.8889	2.61306E-16	1.41218E-16	2.49144E-16	3.76485E-18	1.13584E-18	1.01141E-16	-5.98325E-17	-2.24213E-16	-1.08664E-16
46.0556	2.60344E-16	1.40698E-16	2.4825E-16	3.76456E-18	1.13574E-18	1.00478E-16	-5.98416E-17	-2.23939E-16	-1.08258E-16
46.2222	2.59371E-16	1.40172E-16	2.47367E-16	3.76424E-18	1.13563E-18	9.98155E-17	-5.98464E-17	-2.23673E-16	-1.07844E-16
46.3889	2.58391E-16	1.39641E-16	2.46494E-16	3.7639E-18	1.13551E-18	9.91535E-17	-5.98473E-17	-2.23415E-16	-1.07423E-16
46.5556	2.57405E-16	1.39108E-16	2.45633E-16	3.76357E-18	1.13539E-18	9.84936E-17	-5.98448E-17	-2.23166E-16	-1.06997E-16
46.7222	2.56415E-16	1.38572E-16	2.44785E-16	3.76324E-18	1.13527E-18	9.78365E-17	-5.98392E-17	-2.22927E-16	-1.06565E-16
46.7778	2.56019E-16	1.38358E-16	2.4445E-16	3.76311E-18	1.13522E-18	9.75732E-17	-5.98354E-17	-2.22833E-16	-1.06392E-16
46.9444	3.55343E-16	1.96528E-16	2.46812E-16	5.73478E-18	1.77053E-18	1.23049E-16	-1.30458E-16	-2.69278E-16	-2.0751E-16
47.0278	8.85488E-17	3.91449E-17	2.05184E-17	1.13384E-15	2.91434E-16	1.09524E-16	-6.05535E-16	-5.13089E-16	-2.20315E-15
47.1944	2.05906E-16	6.57686E-17	9.31431E-17	6.99425E-16	1.29005E-16	4.47336E-17	-2.56144E-16	-1.09368E-15	-5.42296E-16
47.3611	2.19215E-16	7.0775E-17	1.35114E-16	5.62523E-16	1.02814E-16	3.50521E-17	-1.98805E-16	-1.18602E-15	-3.91274E-16
47.5278	2.18586E-16	7.20077E-17	1.50959E-16	5.23795E-16	9.71096E-17	3.23011E-17	-1.87293E-16	-1.20113E-15	-3.60405E-16
47.6944	2.19279E-16	7.30848E-17	1.58048E-16	5.08179E-16	9.49758E-17	3.16588E-17	-1.85047E-16	-1.20473E-15	-3.4701E-16
47.8611	2.20514E-16	7.42004E-17	1.63238E-16	4.972E-16	9.35039E-17	3.14741E-17	-1.84713E-16	-1.20613E-15	-3.36775E-16
48.0278	2.21738E-16	7.52728E-17	1.67914E-16	4.87456E-16	9.21975E-17	3.13804E-17	-1.84734E-16	-1.20672E-15	-3.27628E-16
48.1944	2.22796E-16	7.62501E-17	1.72229E-16	4.785E-16	9.09855E-17	3.13041E-17	-1.84776E-16	-1.20665E-15	-3.19344E-16
48.3611	2.23667E-16	7.71152E-17	1.76163E-16	4.70315E-16	8.98631E-17	3.12342E-17	-1.84774E-16	-1.20599E-15	-3.11892E-16
48.5278	2.24364E-16	7.7869E-17	1.79707E-16	4.62886E-16	8.88297E-17	3.11697E-17	-1.84723E-16	-1.2048E-15	-3.05217E-16
48.6944	2.24909E-16	7.852E-17	1.82875E-16	4.56163E-16	8.78808E-17	3.11111E-17	-1.84629E-16	-1.20315E-15	-2.99241E-16
48.8611	2.25325E-16	7.90786E-17	1.85693E-16	4.50082E-16	8.70097E-17	3.10583E-17	-1.845E-16	-1.20109E-15	-2.93879E-16
48.9444	2.2549E-16	7.93266E-17	1.8698E-16	4.4726E-16	8.6601E-17	3.1034E-17	-1.84425E-16	-1.19993E-15	-2.91403E-16
49.1111	1.10634E-16	5.88686E-17	3.26041E-16	0	0	2.70856E-17	-1.05177E-17	-4.36485E-16	-2.33639E-18
49.1944	1.18165E-16	6.21318E-17	3.45536E-16	7.21182E-18	2.07406E-18	3.01951E-17	-7.81411E-18	-4.72849E-16	-1.4721E-17
49.3611	1.288E-16	6.81945E-17	3.44462E-16	5.63085E-18	1.63917E-18	3.84338E-17	-6.78385E-18	-4.08771E-16	-1.63034E-17
49.5278	1.30897E-16	6.95634E-17	3.14409E-16	4.47003E-18	1.31036E-18	4.42555E-17	-6.074E-18	-3.44071E-16	-1.71615E-17
49.6944	1.32237E-16	7.04657E-17	2.89464E-16	3.75591E-18	1.10669E-18	4.86029E-17	-5.63632E-18	-2.9954E-16	-1.79171E-17
49.8611	1.34085E-16	7.15326E-17	2.69693E-16	3.30495E-18	9.77836E-19	5.19711E-17	-5.63128E-18	-2.68323E-16	-1.89009E-17
50.0278	1.34258E-16	7.17995E-17	2.54296E-16	2.9826E-18	8.85144E-19	5.41693E-17	-5.33446E-18	-2.4607E-16	-1.92748E-17
50.1944	1.34915E-16	7.22339E-17	2.42421E-16	2.76651E-18	8.22231E-19	5.58274E-17	-5.29713E-18	-2.30049E-16	-1.98146E-17
50.3611	1.35504E-16	7.26128E-17	2.33301E-16	2.61602E-18	7.79315E-19	5.69867E-17	-5.33119E-18	-2.18428E-16	-2.03123E-17
50.5278	1.3605E-16	7.29554E-17	2.26299E-16	2.51117E-18	7.49047E-19	5.77726E-17	-5.41953E-18	-2.09958E-16	-2.07798E-17
50.6944	1.36571E-16	7.32736E-17	2.20907E-16	2.43819E-18	7.28072E-19	5.82811E-17	-5.54964E-18	-2.03764E-16	-2.12242E-17
50.8611	1.37075E-16	7.35749E-17	2.1673E-16	2.3882E-18	7.13676E-19	5.85845E-17	-5.71218E-18	-1.99225E-16	-2.16506E-17
51.0278	1.37568E-16	7.38639E-17	2.13464E-16	2.35475E-18	7.0411E-19	5.87365E-17	-5.89997E-18	-1.95897E-16	-2.20629E-17
51.1944	1.38051E-16	7.41438E-17	2.1088E-16	2.33337E-18	6.98056E-19	5.87772E-17	-6.10743E-18	-1.93457E-16	-2.24636E-17
51.3611	1.38527E-16	7.44164E-17	2.08803E-16	2.32083E-18	6.94579E-19	5.87365E-17	-6.33021E-18	-1.9167E-16	-2.28547E-17
51.5278	1.38996E-16	7.46831E-17	2.07105E-16	2.31482E-18	6.92997E-19	5.86364E-17	-6.56489E-18	-1.90364E-16	-2.32376E-17
51.6944	1.3946E-16	7.49448E-17	2.05689E-16	2.3136E-18	6.92826E-19	5.84934E-17	-6.80876E-18	-1.89414E-16	-2.36135E-17
51.8611	1.39917E-16	7.52021E-17	2.04485E-16	2.31595E-18	6.93689E-19	5.83194E-17	-7.05969E-18	-1.88726E-16	-2.39829E-17
52.0278	1.4037E-16	7.54554E-17	2.03438E-16	2.32093E-18	6.95323E-19	5.81235E-17	-7.316E-18	-1.88234E-16	-2.43466E-17
52.1944	1.40816E-16	7.57048E-17	2.02509E-16	2.32787E-18	6.97528E-19	5.79122E-17	-7.57637E-18	-1.87886E-16	-2.47048E-17
52.3611	1.41257E-16	7.59505E-17	2.01671E-16	2.33627E-18	7.00157E-19	5.76902E-17	-7.83974E-18	-1.87646E-16	-2.50579E-17
52.5278	1.41692E-16	7.61927E-17	2.009E-16	2.34574E-18	7.03119E-19	5.74612E-17	-8.10528E-18	-1.87487E-16	-2.54062E-17
52.6944	1.42121E-16	7.64312E-17	2.00181E-16	2.356E-18	7.06271E-19	5.72279E-17	-8.37233E-18	-1.87387E-16	-2.57496E-17
52.8611	1.42544E-16	7.66662E-17	1.99503E-16	2.36685E-18	7.09626E-19	5.69918E-17	-8.64037E-18	-1.87333E-16	-2.60886E-17
53.0278	0	0	0	2.89426E-18	0	0	0	0	-2.53631E-17
53.1944	1.1672E-16	6.29357E-17	1.37393E-16	1.26167E-18	0	4.17773E-17	-1.05798E-17	-1.29751E-16	-2.54495E-17
53.3611	1.14529E-16	6.19787E-17	9.8287E-17	1.69122E-18	5.12552E-19	3.47949E-17	-1.52297E-17	-9.29568E-17	-3.06505E-17
53.5278	1.19163E-16	6.4661E-17	7.37724E-17	1.66206E-18	5.06439E-19	3.12791E-17	-1.97159E-17	-6.98085E-17	-3.62867E-17
53.6944	1.24432E-16	6.76309E-17	5.89865E-17	1.67854E-18	5.13658E-19	2.95341E-17	-2.31444E-17	-5.58187E-17	-4.06673E-17
53.8611	1.32451E-16	7.20686E-17	4.9841E-17	0	0	2.88469E-17	-2.64999E-17	-4.71392E-17	-1.43379E-19
54.0278	1.45065E-16	7.89981E-17	4.38852E-17	1.88732E-18	5.80465E-19	3.01374E-17	-3.07158E-17	-4.14476E-17	-5.12034E-17
54.1944	1.62127E-16	8.83465E-17	3.97646E-17	2.08716E-18	6.43118E-19	3.20962E-17	-3.58131E-17	-3.74722E-17	-5.86285E-17
54.3611	1.825E-16	9.94974E-17	3.67732E-17	2.33334E-18	7.19955E-19	3.47736E-17	-4.16633E-17	-3.45467E-17	-6.72052E-17
54.5278	2.05322E-16	1.11982E-16	3.45323E-17	2.61461E-18	8.07633E-19	3.79712E-17	-4.81079E-17	-3.23163E-17	-7.66534E-17
54.6944	2.30143E-16	1.25555E-16	3.28201E-17	2.92493E-18	9.04267E-19	4.15836E-17	-5.50687E-17	-3.05726E-17	-8.68317E-17
54.8611	2.5672E-16	1.40086E-16	3.14959E-17	3.26104E-18	1.00887E-18	4.55529E-17	-6.25095E-17	-2.91835E-17	-9.76704E-17
55.0278	2.84897E-16	1.55489E-16	3.04661E-17	3.62081E-18	1.12078E-18	4.98437E-17	-7.0408E-17	-2.80608E-17	-1.09126E-16
55.1944	3.1455E-16	1.71697E-16	2.9666E-17	4.00256E-18	1.23949E-18	5.44313E-17	-7.87465E-17	-2.71433E-17	-1.21165E-16
55.3611	3.45572E-16	1.88651E-16	2.90495E-17	4.40484E-18	1.36456E-18	5.92976E-17	-8.75079E-17	-2.63874E-17	-1.33759E-16
55.5278	3.77862E-16	2.06298E-16	2.85827E-17	4.82628E-18	1.49556E-18	6.44286E-17	-9.6675E-17	-2.5761E-17	-1.46877E-16
55.6944	4.11322E-16	2.24583E-16	2.82406E-17	5.26556E-18	1.63208E-18	6.98131E-17	-1.0623E-16	-2.52401E-17	-1.60492E-16
55.8611	4.45857E-16	2.43455E-16	2.80038E-17	5.72137E-18	1.77374E-18	7.54419E-17	-1.16153E-16	-2.48064E-17	-1.74576E-16
56.0278	4.8137E-16	2.62861E-16	2.78574E-17	6.19234E-18	1.92008E-18	8.13069E-17	-1.26424E-16	-2.44454E-17	-1.89098E-16
56.1944	5.17761E-16	2.82746E-16	2.77898E-17	6.67712E-18	2.07071E-18	8.7401E-17	-1.37022E-16	-2.4146E-17	-2.04028E-16
56.3611	5.5493E-16	3.03055E-16	2.77915E-17	7.17429E-18	2.22517E-18	9.37179E-17	-1.47923E-16	-2.3899E-17	-2.19335E-16
56.5278	5.92774E-16	3.23733E-16	2.7855E-17	7.68242E-18	2.38304E-18	1.00252E-16	-1.59105E-16	-2.36971E-17	-2.34984E-16
56.6944	6.31188E-16	3.44721E-16	2.79739E-17	8.20004E-18	2.54384E-18	1.06997E-16	-1.70541E-16	-2.35342E-17	-2.50942E-16
56.8611	6.70065E-16	3.65963E-16	2.81432E-17	8.72567E-18	2.70713E-18	1.13948E-16	-1.82206E-16	-2.34053E-17	-2.67173E-16
57.0278	7.09297E-16	3.87397E-16	2.83584E-17	9.25781E-18	2.87243E-18	1.21099E-16	-1.94074E-16	-2.33062E-17	-2.8364E-16
57.1944	7.48773E-16	4.08965E-16	2.8616E-17	9.79494E-18	3.03928E-18	1.28444E-16	-2.06117E-16	-2.32334E-17	-3.00306E-16
57.3611	7.88382E-16	4.30605E-16	2.89128E-17	1.03355E-17	3.2072E-18	1.35979E-16	-2.18309E-16	-2.31839E-17	-3.17132E-16
57.5278	8.28013E-16	4.52257E-16	2.9246E-17	1.08781E-17	3.37573E-18	1.43696E-16	-2.30621E-16	-2.31552E-17	-3.34078E-16
57.6944	8.6755E-16	4.73857E-16	2.96134E-17	1.14211E-17	3.54438E-18	1.51589E-16	-2.43025E-16	-2.31452E-17	-3.51105E-16
57.8611	9.06879E-16	4.95343E-16	3.00126E-17	1.19631E-17	3.7127E-18	1.59649E-16	-2.55493E-16	-2.31521E-17	-3.6817E-16
58.0278	9.45884E-16	5.16651E-16	3.0442E-17	1.25024E-17	3.8802E-18	1.67868E-16	-2.67996E-16	-2.31743E-17	-3.85231E-16
58.1944	9.84447E-16	5.37717E-16	3.08997E-17	1.30376E-17	4.04641E-18	1.76235E-16	-2.80503E-16	-2.32106E-17	-4.02244E-16
58.3611	1.02245E-15	5.58476E-16	3.13843E-17	1.35558E-17	4.20696E-18	1.84729E-16	-2.92985E-16	-2.326E-17	-4.19152E-16
58.5278	1.05976E-15	5.7886E-16	3.18942E-17	1.40893E-17	4.37303E-18	1.93363E-16	-3.0541E-16	-2.33215E-17	-4.35943E-16
58.6944	1.09627E-15	5.98802E-16	3.2428E-17	1.46028E-17	4.53247E-18	2.02093E-16	-3.17746E-16	-2.33945E-17	-4.52534E-16
58.8611	1.13184E-15	6.18232E-16	3.29846E-17	1.51058E-17	4.68865E-18	2.10911E-16	-3.2996E-16	-2.34786E-17	-4.68886E-16
59.0278	1.16635E-15	6.37081E-16	3.35627E-17	1.55967E-17	4.84108E-18	2.19794E-16	-3.42017E-16	-2.35732E-17	-4.84947E-16
59.0833	1.17982E-15	6.44442E-16	3.37997E-17	1.57883E-17	4.90045E-18	2.2336E-16	-3.46787E-16	-2.3614E-17	-4.91276E-16
59.25	1.95637E-15	1.09158E-15	4.88431E-17	3.83334E-17	0	3.65022E-16	-8.24826E-16	-3.86663E-17	-9.99231E-16
59.3333	4.1027E-16	2.28701E-16	6.07777E-18	5.79407E-15	1.83733E-15	6.37302E-16	-3.0628E-15	-1.132E-16	-8.12096E-15
59.5	1.31801E-15	7.32045E-16	2.38794E-17	3.92348E-15	1.23584E-15	6.71367E-16	-3.41899E-15	-1.97533E-16	-2.02459E-15
59.6667	1.77035E-15	9.8624E-16	3.82088E-17	3.19198E-15	1.00721E-15	6.08645E-16	-3.53925E-15	-2.09725E-16	-1.28724E-15
59.8333	2.0964E-15	1.1708E-15	5.20659E-17	2.79744E-15	8.84752E-16	5.51898E-16	-3.65904E-15	-2.1437E-16	-9.99171E-16
60	2.38858E-15	1.33643E-15	6.62982E-17	2.46416E-15	7.80808E-16	5.06242E-16	-3.75446E-15	-2.16815E-16	-8.18401E-16
60.1667	2.6501E-15	1.48477E-15	8.08891E-17	2.16782E-15	6.88015E-16	4.67164E-16	-3.82056E-15	-2.17882E-16	-6.94899E-16
60.3333	2.87594E-15	1.61286E-15	9.5299E-17	1.91246E-15	6.07744E-16	4.35323E-16	-3.85848E-15	-2.17977E-16	-6.11293E-16
60.5	3.06502E-15	1.72003E-15	1.09111E-16	1.69781E-15	5.40041E-16	4.11022E-16	-3.87119E-15	-2.17428E-16	-5.55839E-16
60.6389	3.17654E-15	1.78319E-15	1.18326E-16	1.56925E-15	4.99404E-16	3.98065E-16	-3.86684E-15	-2.16799E-16	-5.29001E-16
60.8056	9.48E-16	5.25046E-16	5.83385E-17	3.05019E-17	9.54896E-18	1.07384E-16	-3.792E-16	-4.37539E-17	-2.38593E-16
60.8889	9.48625E-16	5.16433E-16	5.49397E-17	3.02099E-17	9.36384E-18	1.07957E-16	-3.58939E-16	-4.76144E-17	-2.20497E-16
61.0556	1.01313E-15	5.53027E-16	5.4528E-17	2.38537E-17	6.81535E-18	1.27744E-16	-3.08223E-16	-3.89986E-17	-2.50467E-16
61.2222	1.05157E-15	5.74036E-16	5.15504E-17	2.01221E-17	6.22636E-18	1.46177E-16	-2.70749E-16	-3.36299E-17	-2.71515E-16
61.3889	1.08196E-15	5.9065E-16	4.92544E-17	1.75284E-17	5.47762E-18	1.61562E-16	-2.45148E-16	-2.99964E-17	-2.88062E-16
61.5556	1.1081E-15	6.04932E-16	4.76293E-17	1.60038E-17	4.96375E-18	1.7416E-16	-2.27951E-16	-2.75323E-17	-3.01263E-16
61.7222	1.13138E-15	6.1765E-16	4.65779E-17	1.49605E-17	4.64127E-18	1.84777E-16	-2.16646E-16	-2.58752E-17	-3.12497E-16
61.8889	1.15219E-15	6.29021E-16	4.59917E-17	1.42874E-17	4.43181E-18	1.93717E-16	-2.09466E-16	-2.47892E-17	-3.22053E-16
62.0556	1.17043E-15	6.38977E-16	4.57717E-17	1.38607E-17	4.29946E-18	2.01243E-16	-2.05131E-16	-2.41151E-17	-3.30167E-16
62.2222	1.18575E-15	6.47341E-16	4.58348E-17	1.35951E-17	4.21749E-18	2.07526E-16	-2.02709E-16	-2.37429E-17	-3.36933E-16
62.3889	1.19782E-15	6.53929E-16	4.61156E-17	1.34342E-17	4.16755E-18	2.12681E-16	-2.01514E-16	-2.35963E-17	-3.42386E-16
62.5556	1.20636E-15	6.58591E-16	4.65637E-17	1.33368E-17	4.13728E-18	2.16792E-16	-2.0104E-16	-2.36215E-17	-3.46536E-16
62.7222	1.2112E-15	6.61224E-16	4.71423E-17	1.32736E-17	4.1177E-18	2.19927E-16	-2.00916E-16	-2.37811E-17	-3.49392E-16
62.8889	1.2122E-15	6.61765E-16	4.78255E-17	1.3224E-17	4.10219E-18	2.22135E-16	-2.00865E-16	-2.40491E-17	-3.50959E-16
63.0556	1.20933E-15	6.6019E-16	4.85954E-17	1.31728E-17	4.08619E-18	2.23456E-16	-2.00684E-16	-2.44082E-17	-3.51253E-16
63.2222	1.20259E-15	6.56501E-16	4.94421E-17	1.31092E-17	4.06633E-18	2.23925E-16	-2.00224E-16	-2.48473E-17	-3.5029E-16
63.3889	1.19203E-15	6.50724E-16	5.03609E-17	1.30257E-17	4.04025E-18	2.23573E-16	-1.99377E-16	-2.53603E-17	-3.48093E-16
63.5556	1.17773E-15	6.42908E-16	5.1352E-17	1.2917E-17	4.00632E-18	2.22428E-16	-1.98064E-16	-2.59451E-17	-3.44693E-16
63.7222	1.15982E-15	6.33116E-16	5.24206E-17	1.27795E-17	3.96345E-18	2.20519E-16	-1.96235E-16	-2.6603E-17	-3.40124E-16
63.8889	1.13844E-15	6.2143E-16	5.35758E-17	1.26113E-17	3.911E-18	2.17876E-16	-1.93855E-16	-2.73381E-17	-3.3443E-16
64.0556	1.11377E-15	6.07945E-16	5.48318E-17	1.24113E-17	3.84867E-18	2.14532E-16	-1.90907E-16	-2.81578E-17	-3.27658E-16
64.2222	1.08601E-15	5.92771E-16	5.62075E-17	1.21794E-17	3.77642E-18	2.10525E-16	-1.87386E-16	-2.90727E-17	-3.19867E-16
64.3889	1.05537E-15	5.76029E-16	5.77285E-17	1.19164E-17	3.69445E-18	2.05899E-16	-1.83298E-16	-3.00972E-17	-3.11118E-16
64.5556	1.02211E-15	5.57854E-16	5.94279E-17	1.16233E-17	3.60315E-18	2.00703E-16	-1.78658E-16	-3.12505E-17	-3.01483E-16
64.7222	9.86503E-16	5.38391E-16	6.1349E-17	1.13021E-17	3.50307E-18	1.94991E-16	-1.73489E-16	-3.25581E-17	-2.91037E-16
64.8889	9.48827E-16	5.178E-16	6.35489E-17	1.09551E-17	3.39491E-18	1.88829E-16	-1.6782E-16	-3.40536E-17	-2.79865E-16
65.0556	9.09393E-16	4.96246E-16	6.61036E-17	1.05849E-17	3.27954E-18	1.82287E-16	-1.61686E-16	-3.57824E-17	-2.68056E-16
65.2222	8.68537E-16	4.73913E-16	6.91163E-17	1.0195E-17	3.15796E-18	1.75449E-16	-1.5513E-16	-3.78063E-17	-2.55704E-16
65.3889	8.26614E-16	4.50994E-16	7.27304E-17	9.78926E-18	3.03136E-18	1.68408E-16	-1.48195E-16	-4.02118E-17	-2.42909E-16
65.5556	7.84017E-16	4.27702E-16	7.71502E-17	9.37218E-18	2.90114E-18	1.61278E-16	-1.40932E-16	-4.31226E-17	-2.29777E-16
65.7222	7.41181E-16	4.04274E-16	8.26762E-17	8.94942E-18	2.769E-18	1.54196E-16	-1.33393E-16	-4.67216E-17	-2.1642E-16
65.8889	6.9862E-16	3.80985E-16	8.97663E-17	8.52807E-18	2.63707E-18	1.47341E-16	-1.25634E-16	-5.12878E-17	-2.02958E-16
66.0556	6.56968E-16	3.5818E-16	9.91471E-17	8.11774E-18	2.50825E-18	1.40956E-16	-1.17716E-16	-5.72652E-17	-1.89524E-16
66.2222	6.17081E-16	3.36323E-16	1.12027E-16	7.73236E-18	2.38669E-18	1.35415E-16	-1.09698E-16	-6.53956E-17	-1.76276E-16
66.3889	5.80219E-16	3.16071E-16	1.30498E-16	7.39373E-18	2.27886E-18	1.3127E-16	-1.01666E-16	-7.69537E-17	-1.63408E-16
66.5556	5.48325E-16	2.9848E-16	1.58351E-16	7.13745E-18	2.1953E-18	1.29526E-16	-9.36637E-17	-9.42698E-17	-1.51169E-16
66.7222	5.24134E-16	2.84997E-16	2.0228E-16	7.01806E-18	2.15203E-18	1.31765E-16	-8.56673E-17	-1.2145E-16	-1.39773E-16
66.8889	5.09527E-16	2.76594E-16	2.71264E-16	7.08641E-18	2.16359E-18	1.39792E-16	-7.72756E-17	-1.64019E-16	-1.28958E-16
67.0556	5.03232E-16	2.72614E-16	3.59261E-16	7.30406E-18	2.21896E-18	1.52483E-16	-6.87172E-17	-2.18292E-16	-1.18886E-16
67.2222	4.98113E-16	2.69558E-16	4.01592E-16	7.37222E-18	2.23436E-18	1.58309E-16	-6.40612E-17	-2.44542E-16	-1.13414E-16
67.3889	3.47107E-16	3.47107E-16	3.47107E-16	7.30544E-18	2.17881E-18	1.28166E-18	0	-3.47107E-16	-1.11356E-16
67.5556	4.89096E-16	2.64633E-16	4.01586E-16	7.25392E-18	2.19748E-18	1.56629E-16	-6.22013E-17	-2.45182E-16	-1.10755E-16
67.7222	4.8764E-16	2.63841E-16	4.01009E-16	7.23725E-18	2.19258E-18	1.56172E-16	-6.19999E-17	-2.45206E-16	-1.10412E-16
67.8889	4.86265E-16	2.63094E-16	4.00284E-16	7.22419E-18	2.18858E-18	1.55662E-16	-6.18611E-17	-2.45168E-16	-1.10112E-16
68.0556	4.84858E-16	2.62332E-16	3.99392E-16	7.21262E-18	2.18504E-18	1.55084E-16	-6.17575E-17	-2.45052E-16	-1.09819E-16
68.2222	4.90121E-16	2.5673E-16	3.96764E-16	7.20513E-18	2.1789E-18	1.41302E-16	-7.00172E-17	-2.33391E-16	-1.0952E-16
68.3889	4.81865E-16	2.6071E-16	3.97191E-16	7.86027E-18	3.93014E-18	1.52481E-16	-6.16064E-17	-2.44608E-16	-1.10561E-16
68.5556	3.31962E-16	3.31962E-16	3.31962E-16	7.19659E-18	2.23342E-18	1.24079E-18	0	-3.31962E-16	-1.08887E-16
68.7222	4.78582E-16	2.58933E-16	3.94591E-16	7.16908E-18	2.1718E-18	1.52241E-16	-6.14811E-17	-2.43954E-16	-1.08577E-16
68.8889	4.76833E-16	2.57986E-16	3.93192E-16	6.69865E-18	2.23288E-18	1.52407E-16	-6.14177E-17	-2.43575E-16	-1.07697E-16
69.0556	4.75018E-16	2.57004E-16	3.91749E-16	7.14582E-18	2.1647E-18	1.50601E-16	-6.1351E-17	-2.43171E-16	-1.07868E-16
69.2222	4.73146E-16	2.5599E-16	3.90271E-16	7.13364E-18	2.161E-18	1.49746E-16	-6.12805E-17	-2.42748E-16	-1.0749E-16
69.3889	4.71224E-16	2.5495E-16	3.88769E-16	7.12116E-18	2.15719E-18	1.48874E-16	-6.12059E-17	-2.42312E-16	-1.07098E-16
69.5556	4.7285E-16	2.36425E-16	3.54638E-16	7.12761E-18	2.15173E-18	1.19423E-16	-1.18213E-16	-2.36425E-16	-1.06713E-16
69.7222	4.67262E-16	2.52804E-16	3.85724E-16	7.09548E-18	2.14937E-18	1.47093E-16	-6.10449E-17	-2.41414E-16	-1.06281E-16
69.8889	4.65237E-16	2.51708E-16	3.84191E-16	7.0824E-18	2.14538E-18	1.4619E-16	-6.09593E-17	-2.40959E-16	-1.05858E-16
70.0556	4.6319E-16	2.50599E-16	3.82659E-16	7.06924E-18	2.14136E-18	1.45281E-16	-6.08708E-17	-2.40504E-16	-1.05428E-16
70.2222	4.61128E-16	2.49482E-16	3.81129E-16	7.05266E-18	2.13619E-18	1.44365E-16	-6.07799E-17	-2.40049E-16	-1.04992E-16
70.3889	4.59054E-16	2.48359E-16	3.79606E-16	7.04284E-18	2.13329E-18	1.43457E-16	-6.06868E-17	-2.39598E-16	-1.0455E-16
70.5556	4.56974E-16	2.47232E-16	3.78092E-16	7.02967E-18	2.12927E-18	1.42545E-16	-6.05922E-17	-2.39151E-16	-1.04105E-16
70.7222	4.54892E-16	2.46103E-16	3.76589E-16	7.01658E-18	2.12526E-18	1.41634E-16	-6.04961E-17	-2.38709E-16	-1.03657E-16
70.7778	4.54058E-16	2.45652E-16	3.75991E-16	7.01137E-18	2.12367E-18	1.4127E-16	-6.04573E-17	-2.38534E-16	-1.03477E-16
70.9444	6.26826E-16	3.46808E-16	3.92208E-16	0	0	1.70928E-16	-1.29153E-16	-2.84239E-16	-1.77014E-16
71.0278	2.49936E-16	1.11353E-16	6.50751E-17	1.82864E-15	4.69032E-16	1.68313E-16	-6.73804E-16	-6.93796E-16	-1.48494E-15
71.1944	3.44158E-16	1.16993E-16	2.04504E-16	8.37764E-16	1.59951E-16	5.4511E-17	-1.95345E-16	-1.10866E-15	-3.49867E-16
71.3611	3.37546E-16	1.1767E-16	2.57613E-16	7.02681E-16	1.3619E-16	4.37893E-17	-1.58227E-16	-1.15059E-15	-2.86699E-16
71.5278	3.34977E-16	1.1844E-16	2.72142E-16	6.72092E-16	1.31749E-16	4.18148E-17	-1.52824E-16	-1.15624E-15	-2.74164E-16
71.6944	3.35345E-16	1.19656E-16	2.79217E-16	6.56916E-16	1.29639E-16	4.1366E-17	-1.51939E-16	-1.15784E-15	-2.67042E-16
71.8611	3.36232E-16	1.20979E-16	2.8504E-16	6.44306E-16	1.27915E-16	4.11824E-17	-1.51882E-16	-1.15858E-15	-2.6085E-16
72.0278	3.37073E-16	1.22248E-16	2.90371E-16	6.32653E-16	1.26323E-16	4.10471E-17	-1.51985E-16	-1.15879E-15	-2.5515E-16
72.1944	3.37756E-16	1.23407E-16	2.95243E-16	6.21811E-16	1.2483E-16	4.09213E-17	-1.52098E-16	-1.15855E-15	-2.49909E-16
72.3611	3.38269E-16	1.24444E-16	2.99641E-16	6.11766E-16	1.23432E-16	4.07984E-17	-1.52188E-16	-1.1579E-15	-2.45114E-16
72.5278	3.38627E-16	1.25362E-16	3.03573E-16	6.02484E-16	1.22126E-16	4.06776E-17	-1.52248E-16	-1.15688E-15	-2.40733E-16
72.6944	3.38846E-16	1.26168E-16	3.07065E-16	5.93913E-16	1.20906E-16	4.05589E-17	-1.52282E-16	-1.15554E-15	-2.36728E-16
72.8611	3.38944E-16	1.26873E-16	3.10148E-16	5.85991E-16	1.19767E-16	4.04426E-17	-1.52293E-16	-1.15392E-15	-2.3306E-16
72.9444	3.38952E-16	1.27191E-16	3.11547E-16	5.82255E-16	1.19226E-16	4.03854E-17	-1.52291E-16	-1.15302E-15	-2.31341E-16
73.1111	1.75971E-16	9.38478E-17	4.84322E-16	7.97252E-18	0	3.90812E-17	-8.23234E-18	-4.47339E-16	-1.04455E-17
73.1944	1.87759E-16	9.90458E-17	5.06905E-16	9.28787E-18	0	4.41498E-17	-7.38712E-18	-4.81437E-16	-1.17788E-17
73.3611	2.02601E-16	1.07506E-16	4.9815E-16	8.90968E-18	2.63241E-18	5.58176E-17	-6.36809E-18	-4.13827E-16	-1.61188E-17
73.5278	2.06061E-16	1.0947E-16	4.55051E-16	7.04504E-18	2.0754E-18	6.39559E-17	-5.90278E-18	-3.50411E-16	-1.70815E-17
73.6944	2.07898E-16	1.10953E-16	4.20024E-16	5.95736E-18	1.76281E-18	7.02566E-17	-5.44545E-18	-3.07282E-16	-1.78831E-17
73.8611	2.09437E-16	1.11971E-16	3.92997E-16	5.26317E-18	1.56083E-18	7.45962E-17	-5.28223E-18	-2.7758E-16	-1.85824E-17
74.0278	2.10675E-16	1.12779E-16	3.7247E-16	4.80691E-18	1.43068E-18	7.76602E-17	-5.2359E-18	-2.56821E-16	-1.92013E-17
74.1944	2.11743E-16	1.13461E-16	3.57005E-16	4.5101E-18	1.35303E-18	7.97659E-17	-5.27587E-18	-2.42168E-16	-1.9756E-17
74.3611	2.12712E-16	1.14064E-16	3.45369E-16	0	0	8.10966E-17	-5.38489E-18	-2.31742E-16	-4.12181E-19
74.5278	2.1362E-16	1.14615E-16	3.36581E-16	4.14991E-18	1.24069E-18	8.21216E-17	-5.53221E-18	-2.24288E-16	-2.07614E-17
74.6944	2.14489E-16	1.15131E-16	3.29883E-16	4.05511E-18	1.21324E-18	8.26821E-17	-5.72099E-18	-2.18917E-16	-2.12211E-17
74.8611	2.15331E-16	1.15622E-16	3.24708E-16	3.99252E-18	1.19532E-18	8.29859E-17	-5.93743E-18	-2.15023E-16	-2.16622E-17
75.0278	2.16152E-16	1.16097E-16	3.20639E-16	3.95273E-18	1.18399E-18	8.30978E-17	-6.17416E-18	-2.1218E-16	-2.20885E-17
75.1944	2.16957E-16	1.16556E-16	3.17372E-16	3.92905E-18	1.17737E-18	8.30815E-17	-6.42763E-18	-2.10085E-16	-2.25031E-17
75.3611	2.17748E-16	1.17005E-16	3.14682E-16	3.91685E-18	1.1741E-18	8.29716E-17	-6.69264E-18	-2.08524E-16	-2.29078E-17
75.5278	2.18527E-16	1.17444E-16	3.12411E-16	3.91285E-18	1.17322E-18	8.2795E-17	-6.96558E-18	-2.07345E-16	-2.33044E-17
75.6944	2.19294E-16	1.17875E-16	3.10445E-16	3.9147E-18	1.17406E-18	8.25729E-17	-7.24514E-18	-2.06441E-16	-2.36937E-17
75.8611	2.20049E-16	1.18298E-16	3.08701E-16	3.92076E-18	1.17613E-18	8.23191E-17	-7.52916E-18	-2.05734E-16	-2.40765E-17
76.0278	2.20795E-16	1.18714E-16	3.0712E-16	3.92983E-18	1.17908E-18	8.20437E-17	-7.81623E-18	-2.0517E-16	-2.44535E-17
76.1944	2.21529E-16	1.19124E-16	3.05661E-16	3.94107E-18	1.18267E-18	8.1754E-17	-8.10529E-18	-2.0471E-16	-2.48249E-17
76.3611	2.22253E-16	1.19528E-16	3.04293E-16	3.95386E-18	1.18671E-18	8.1455E-17	-8.39551E-18	-2.04326E-16	-2.51912E-17
76.5278	2.22967E-16	1.19926E-16	3.02996E-16	3.96776E-18	1.19108E-18	8.11506E-17	-8.68627E-18	-2.03998E-16	-2.55524E-17
76.6944	2.2367E-16	1.20317E-16	3.01753E-16	3.98246E-18	1.19567E-18	8.08433E-17	-8.97706E-18	-2.03711E-16	-2.59088E-17
76.8611	2.24363E-16	1.20702E-16	3.00553E-16	3.99772E-18	1.20043E-18	8.05348E-17	-9.2675E-18	-2.03456E-16	-2.62604E-17
77.0278	2.16235E-16	1.16366E-16	2.8368E-16	3.83989E-18	1.15346E-18	7.64511E-17	-9.55271E-18	-1.92547E-16	-2.59761E-17
77.1944	1.8967E-16	1.02263E-16	2.16715E-16	3.24257E-18	9.77161E-19	6.17349E-17	-1.14353E-17	-1.47372E-16	-2.61524E-17
77.3611	1.87731E-16	1.01577E-16	1.571E-16	2.97724E-18	9.02913E-19	5.18371E-17	-1.67725E-17	-1.06865E-16	-3.18459E-17
77.5278	1.96012E-16	1.06345E-16	1.17674E-16	2.92569E-18	8.92316E-19	4.66548E-17	-2.19989E-17	-7.99546E-17	-3.80534E-17
77.6944	2.06597E-16	1.12275E-16	9.36739E-17	2.97095E-18	9.09675E-19	4.42761E-17	-2.62237E-17	-6.3525E-17	-4.32458E-17
77.8611	2.226E-16	1.21108E-16	7.89017E-17	3.12408E-18	9.59276E-19	4.41609E-17	-3.0533E-17	-5.33542E-17	-4.88626E-17
78.0278	2.4655E-16	1.34249E-16	6.93807E-17	3.4008E-18	1.04655E-18	4.60325E-17	-3.57398E-17	-4.67259E-17	-5.59649E-17
78.1944	2.78001E-16	1.5147E-16	6.28732E-17	3.78792E-18	1.16771E-18	4.94652E-17	-4.20024E-17	-4.21166E-17	-6.46771E-17
78.3611	3.14995E-16	1.71707E-16	5.82128E-17	4.257E-18	1.31405E-18	5.39933E-17	-4.91119E-17	-3.87384E-17	-7.46267E-17
78.5278	3.56095E-16	1.94171E-16	5.47691E-17	4.78762E-18	1.47937E-18	5.93072E-17	-5.68916E-17	-3.61745E-17	-8.55156E-17
78.6944	4.00492E-16	2.18447E-16	5.22074E-17	5.36866E-18	1.66023E-18	6.52693E-17	-6.52395E-17	-3.41777E-17	-9.7188E-17
78.8611	4.47772E-16	2.44285E-16	5.02706E-17	5.99371E-18	1.85467E-18	7.17617E-17	-7.41172E-17	-3.25961E-17	-1.09561E-16
79.0278	4.97624E-16	2.71526E-16	4.88155E-17	6.65839E-18	2.06135E-18	7.87342E-17	-8.34908E-17	-3.13257E-17	-1.22582E-16
79.1944	5.49813E-16	3.0004E-16	4.77369E-17	7.35929E-18	2.27924E-18	8.6146E-17	-9.33353E-17	-3.02951E-17	-1.36208E-16
79.3611	6.04136E-16	3.29718E-16	4.69598E-17	8.09344E-18	2.50741E-18	9.3967E-17	-1.03628E-16	-2.94535E-17	-1.50404E-16
79.5278	6.60407E-16	3.60459E-16	4.64292E-17	8.85817E-18	2.74505E-18	1.02174E-16	-1.14348E-16	-2.87635E-17	-1.65137E-16
79.6944	7.1845E-16	3.92166E-16	4.61041E-17	9.6509E-18	2.99135E-18	1.10748E-16	-1.25473E-16	-2.81973E-17	-1.80377E-16
79.8611	7.78096E-16	4.24747E-16	4.59531E-17	1.04691E-17	3.24555E-18	1.19675E-16	-1.36981E-16	-2.77336E-17	-1.96092E-16
80.0278	8.39172E-16	4.58109E-16	4.59517E-17	1.13103E-17	3.50686E-18	1.28939E-16	-1.48848E-16	-2.73558E-17	-2.12251E-16
80.1944	9.01507E-16	4.92157E-16	4.60806E-17	1.21719E-17	3.77451E-18	1.38531E-16	-1.61052E-16	-2.70506E-17	-2.28822E-16
80.3611	9.64929E-16	5.26798E-16	4.6324E-17	1.30514E-17	4.04768E-18	1.48438E-16	-1.73566E-16	-2.68077E-17	-2.45773E-16
80.5278	1.02926E-15	5.61935E-16	4.66692E-17	1.39462E-17	4.32558E-18	1.58651E-16	-1.86364E-16	-2.66183E-17	-2.6307E-16
80.6944	1.09432E-15	5.97471E-16	4.71055E-17	1.48533E-17	4.59746E-18	1.69171E-16	-1.99421E-16	-2.64754E-17	-2.80679E-16
80.8611	1.15994E-15	6.33307E-16	4.76239E-17	1.57709E-17	4.89228E-18	1.79952E-16	-2.12708E-16	-2.63731E-17	-2.9856E-16
81.0278	1.22592E-15	6.69342E-16	4.82169E-17	1.66955E-17	5.17942E-18	1.91021E-16	-2.26196E-16	-2.63064E-17	-3.16682E-16
81.1944	1.29208E-15	7.05476E-16	4.88776E-17	1.76247E-17	5.46798E-18	2.02355E-16	-2.39858E-16	-2.62711E-17	-3.35003E-16
81.3611	1.35824E-15	7.41606E-16	4.96003E-17	1.85558E-17	5.75711E-18	2.13942E-16	-2.53663E-16	-2.62637E-17	-3.53486E-16
81.5278	1.4242E-15	7.77629E-16	5.03797E-17	1.94861E-17	6.04598E-18	2.25772E-16	-2.67582E-16	-2.6281E-17	-3.72089E-16
81.6944	1.48978E-15	8.13441E-16	5.12113E-17	2.04129E-17	6.33375E-18	2.3783E-16	-2.81584E-16	-2.63204E-17	-3.90773E-16
81.8611	1.55478E-15	8.48937E-16	5.20907E-17	2.13336E-17	6.61961E-18	2.50102E-16	-2.95639E-16	-2.63797E-17	-4.09494E-16
82.0278	1.61901E-15	8.84011E-16	5.30139E-17	2.22454E-17	6.90271E-18	2.62571E-16	-3.09714E-16	-2.64568E-17	-4.28208E-16
82.1944	1.68227E-15	9.18558E-16	5.39774E-17	2.31457E-17	7.18224E-18	2.7522E-16	-3.23778E-16	-2.65502E-17	-4.46872E-16
82.3611	1.74438E-15	9.52469E-16	5.49778E-17	2.40319E-17	7.45735E-18	2.88027E-16	-3.37799E-16	-2.66584E-17	-4.65437E-16
82.5278	1.80511E-15	9.85634E-16	5.60116E-17	2.49012E-17	7.72723E-18	3.00968E-16	-3.51741E-16	-2.67803E-17	-4.83855E-16
82.6944	1.86429E-15	1.01795E-15	5.7076E-17	2.5751E-17	7.99103E-18	3.14018E-16	-3.6557E-16	-2.69149E-17	-5.02077E-16
82.8611	1.9217E-15	1.04929E-15	5.81678E-17	2.65785E-17	8.24792E-18	3.27145E-16	-3.7925E-16	-2.70613E-17	-5.20048E-16
83.0278	1.97713E-15	1.07956E-15	5.92841E-17	2.73811E-17	8.49706E-18	3.40317E-16	-3.92742E-16	-2.72191E-17	-5.37715E-16
83.0833	1.99871E-15	1.09134E-15	5.97368E-17	2.76946E-17	8.59435E-18	3.45589E-16	-3.98078E-16	-2.72854E-17	-5.44683E-16
83.25	3.29617E-15	1.9777E-15	0	5.9544E-17	1.9021E-17	6.75775E-16	-6.59234E-16	0	-1.03449E-15
83.3333	9.1916E-16	5.12162E-16	1.62839E-17	8.07448E-15	2.55849E-15	9.67148E-16	-3.53487E-15	-1.404E-16	-5.84319E-15
83.5	2.09124E-15	1.16222E-15	4.99716E-17	4.23754E-15	1.33382E-15	8.1234E-16	-3.1425E-15	-2.03872E-16	-1.28032E-15
83.6667	2.58063E-15	1.4393E-15	7.34543E-17	3.45609E-15	1.0911E-15	6.9594E-16	-3.21252E-15	-2.11442E-16	-8.88165E-16
83.8333	2.94899E-15	1.64849E-15	9.33591E-17	3.03262E-15	9.59728E-16	6.27088E-16	-3.3064E-15	-2.14466E-16	-7.23827E-16
84	3.27592E-15	1.83417E-15	1.12572E-16	2.67265E-15	8.47394E-16	5.74983E-16	-3.37908E-15	-2.15924E-16	-6.16767E-16
84.1667	3.56248E-15	1.9969E-15	1.31166E-16	2.3599E-15	7.49353E-16	5.32773E-16	-3.42813E-15	-2.16325E-16	-5.44309E-16
84.3333	3.80686E-15	2.13559E-15	1.48693E-16	2.09427E-15	6.65766E-16	4.99908E-16	-3.45533E-15	-2.15992E-16	-4.96447E-16
84.5	4.01028E-15	2.25093E-15	1.64932E-16	1.87142E-15	5.95437E-16	4.75435E-16	-3.46296E-15	-2.15185E-16	-4.65971E-16
84.6389	4.12983E-15	2.31865E-15	1.75528E-16	1.73735E-15	5.53043E-16	4.62512E-16	-3.45786E-15	-2.14446E-16	-4.52044E-16
84.8056	1.38514E-15	7.63841E-16	8.80196E-17	4.48014E-17	1.12004E-17	1.53879E-16	-4.14898E-16	-5.25792E-17	-2.536E-16
84.8889	1.39284E-15	7.60258E-16	8.35391E-17	4.46096E-17	1.38249E-17	1.56078E-16	-3.97728E-16	-5.09639E-17	-2.43075E-16
85.0556	1.48895E-15	8.12561E-16	8.12705E-17	3.55049E-17	1.10068E-17	1.85569E-16	-3.44414E-16	-4.32011E-17	-2.78489E-16
85.2222	1.54378E-15	8.42524E-16	7.73442E-17	2.97375E-17	9.22039E-18	2.12042E-16	-3.04283E-16	-3.75644E-17	-3.02675E-16
85.3889	1.58657E-15	8.65901E-16	7.44316E-17	2.6187E-17	8.12046E-18	2.33316E-16	-2.77442E-16	-3.38293E-17	-3.2122E-16
85.5556	1.6232E-15	8.85914E-16	7.25041E-17	2.39606E-17	7.43064E-18	2.50642E-16	-2.59989E-16	-3.13716E-17	-3.36165E-16
85.7222	1.65582E-15	9.03729E-16	7.13986E-17	2.25638E-17	6.99784E-18	2.64933E-16	-2.49048E-16	-2.97878E-17	-3.48603E-16
85.8889	1.68497E-15	9.19643E-16	7.09391E-17	2.17005E-17	6.73063E-18	2.76825E-16	-2.42575E-16	-2.88133E-17	-3.59123E-16
86.0556	1.71042E-15	9.33531E-16	7.09745E-17	2.11836E-17	6.57015E-18	2.86764E-16	-2.39095E-16	-2.82641E-17	-3.68017E-16
86.2222	1.73168E-15	9.45132E-16	7.13648E-17	2.0886E-17	6.47809E-18	2.94935E-16	-2.3755E-16	-2.80385E-17	-3.7541E-16
86.3889	1.74823E-15	9.54164E-16	7.20271E-17	2.07227E-17	6.42723E-18	3.01607E-16	-2.37164E-16	-2.8034E-17	-3.81354E-16
86.5556	1.75971E-15	9.60418E-16	7.28859E-17	2.06343E-17	6.39976E-18	3.06878E-16	-2.37383E-16	-2.82002E-17	-3.85871E-16
86.7222	1.76583E-15	9.63749E-16	7.3891E-17	2.05797E-17	6.38272E-18	3.10841E-16	-2.37804E-16	-2.84983E-17	-3.88974E-16
86.8889	1.76644E-15	9.64074E-16	7.50086E-17	2.05297E-17	6.36704E-18	3.13565E-16	-2.38139E-16	-2.89025E-17	-3.90675E-16
87.0556	1.7615E-15	9.61361E-16	7.62176E-17	2.04644E-17	6.34658E-18	3.15103E-16	-2.38179E-16	-2.93963E-17	-3.90988E-16
87.2222	1.751E-15	9.55617E-16	7.75069E-17	2.03696E-17	6.31696E-18	3.15497E-16	-2.37777E-16	-2.99701E-17	-3.89932E-16
87.3889	1.73503E-15	9.46881E-16	7.88733E-17	2.0236E-17	6.27524E-18	3.14784E-16	-2.36829E-16	-3.06193E-17	-3.8753E-16
87.5556	1.7137E-15	9.35223E-16	8.03206E-17	2.00573E-17	6.2195E-18	3.12998E-16	-2.35264E-16	-3.13437E-17	-3.83812E-16
87.7222	1.68719E-15	9.20735E-16	8.18584E-17	1.98298E-17	6.14858E-18	3.10173E-16	-2.33037E-16	-3.21463E-17	-3.78811E-16
87.8889	1.6557E-15	9.03529E-16	8.35029E-17	1.95516E-17	6.06188E-18	3.06347E-16	-2.30121E-16	-3.30336E-17	-3.72571E-16
88.0556	1.61949E-15	8.8374E-16	8.52762E-17	1.92223E-17	5.95928E-18	3.01562E-16	-2.26506E-16	-3.40152E-17	-3.65139E-16
88.2222	1.57882E-15	8.61521E-16	8.7208E-17	1.88362E-17	5.83213E-18	2.95884E-16	-2.22195E-16	-3.51045E-17	-3.56576E-16
88.3889	1.53402E-15	8.37041E-16	8.93368E-17	1.84137E-17	5.70745E-18	2.89317E-16	-2.172E-16	-3.63191E-17	-3.46941E-16
88.5556	1.48542E-15	8.10486E-16	9.17121E-17	1.79386E-17	5.55947E-18	2.81976E-16	-2.11544E-16	-3.7682E-17	-3.36311E-16
88.7222	1.43339E-15	7.82059E-16	9.43983E-17	1.74201E-17	5.39798E-18	2.73917E-16	-2.05255E-16	-3.92235E-17	-3.24762E-16
88.8889	1.37833E-15	7.51977E-16	9.74793E-17	1.6862E-17	5.22414E-18	2.65225E-16	-1.9837E-16	-4.09833E-17	-3.12383E-16
89.0556	1.32068E-15	7.20474E-16	1.01067E-16	1.62687E-17	5.03928E-18	2.55995E-16	-1.90931E-16	-4.30146E-17	-2.99265E-16
89.2222	1.26089E-15	6.87797E-16	1.05311E-16	1.56453E-17	4.84497E-18	2.46336E-16	-1.82987E-16	-4.53901E-17	-2.85507E-16
89.3889	1.19945E-15	6.54217E-16	1.10421E-16	1.49976E-17	4.64299E-18	2.36376E-16	-1.74588E-16	-4.82109E-17	-2.71216E-16
89.5556	1.1369E-15	6.20026E-16	1.16693E-16	1.43325E-17	4.43543E-18	2.26265E-16	-1.65792E-16	-5.16214E-17	-2.565E-16
89.7222	1.07385E-15	5.8555E-16	1.24561E-16	1.36583E-17	4.2248E-18	2.16191E-16	-1.56657E-16	-5.58342E-17	-2.41479E-16
89.8889	1.011E-15	5.51173E-16	1.34686E-16	1.29854E-17	4.01427E-18	2.06392E-16	-1.47246E-16	-6.11731E-17	-2.26279E-16
90.0556	9.49242E-16	5.17369E-16	1.48108E-16	1.2328E-17	3.80805E-18	1.97201E-16	-1.37626E-16	-6.8151E-17	-2.11041E-16
90.2222	8.89759E-16	4.84776E-16	1.66548E-16	1.17065E-17	3.61224E-18	1.8911E-16	-1.27867E-16	-7.76162E-17	-1.95932E-16
90.3889	8.34304E-16	4.54334E-16	1.92971E-16	1.11527E-17	3.43631E-18	1.82903E-16	-1.18046E-16	-9.10321E-17	-1.81159E-16
90.5556	7.85593E-16	4.27492E-16	2.32639E-16	1.07185E-17	3.2956E-18	1.7989E-16	-1.08236E-16	-1.11001E-16	-1.66995E-16
90.7222	7.47437E-16	4.06273E-16	2.94587E-16	0	0	1.79579E-16	-9.83791E-17	-1.42038E-16	-2.47736E-16
90.8889	7.22228E-16	3.91921E-16	3.89811E-16	1.05101E-17	3.20791E-18	1.91859E-16	-8.82324E-17	-1.89478E-16	-1.4103E-16
91.0556	7.075E-16	3.8316E-16	5.06081E-16	1.07251E-17	3.25785E-18	2.06771E-16	-7.80742E-17	-2.47438E-16	-1.29291E-16
91.2222	6.96934E-16	3.77072E-16	5.57823E-16	1.07552E-17	3.25984E-18	2.12812E-16	-7.27961E-17	-2.73446E-16	-1.23152E-16
91.3889	6.87798E-16	3.72081E-16	5.5823E-16	1.063E-17	3.22048E-18	2.11283E-16	-7.12466E-17	-2.74042E-16	-1.21046E-16
91.5556	6.84338E-16	3.70194E-16	5.5782E-16	1.05804E-17	3.20573E-18	2.10577E-16	-7.07119E-17	-2.74256E-16	-1.20334E-16
91.7222	6.81723E-16	3.6877E-16	5.57227E-16	1.05462E-17	3.19517E-18	2.0993E-16	-7.03664E-17	-2.74414E-16	-1.19835E-16
91.8889	6.79154E-16	3.67373E-16	5.56365E-16	1.05154E-17	3.18571E-18	2.092E-16	-7.00772E-17	-2.74466E-16	-1.19368E-16
92.0556	6.76542E-16	3.65954E-16	5.55228E-16	1.04859E-17	3.17665E-18	2.08383E-16	-6.98228E-17	-2.74401E-16	-1.18911E-16
92.2222	6.73874E-16	3.64505E-16	5.53845E-16	1.04569E-17	3.16781E-18	2.0749E-16	-6.95935E-17	-2.74229E-16	-1.18459E-16
92.3889	6.71141E-16	3.63023E-16	5.52256E-16	1.04284E-17	3.15883E-18	2.06532E-16	-6.93813E-17	-2.73965E-16	-1.18006E-16
92.5556	6.68336E-16	3.61502E-16	5.50498E-16	1.0399E-17	3.15009E-18	2.05518E-16	-6.91795E-17	-2.73625E-16	-1.17549E-16
92.7222	6.65458E-16	3.59942E-16	5.48606E-16	1.03696E-17	3.14112E-18	2.04458E-16	-6.89836E-17	-2.73223E-16	-1.17084E-16
92.8889	5.85005E-16	2.92502E-16	5.85005E-16	1.03937E-17	3.08386E-18	2.94216E-16	0	-2.92502E-16	-1.16577E-16
93.0556	6.59498E-16	3.56713E-16	5.44525E-16	0	0	2.00464E-16	-6.85932E-17	-2.72281E-16	-1.35786E-16
93.2222	6.56428E-16	3.5505E-16	5.42376E-16	0	0	1.99312E-16	-6.84152E-17	-2.71759E-16	-1.31991E-16
93.3889	6.53312E-16	3.53362E-16	5.40179E-16	1.02483E-17	3.10415E-18	1.99884E-16	-6.82129E-17	-2.71216E-16	-1.15128E-16
93.5556	6.55745E-16	3.4973E-16	5.39168E-16	1.02182E-17	3.09349E-18	1.9117E-16	-7.28605E-17	-2.7687E-16	-1.14616E-16
93.7222	6.46966E-16	3.49925E-16	5.35684E-16	1.01861E-17	3.08521E-18	1.97473E-16	-6.78246E-17	-2.70076E-16	-1.14101E-16
93.8889	6.43754E-16	3.48186E-16	5.33406E-16	1.01549E-17	3.07571E-18	1.96252E-16	-6.76297E-17	-2.69491E-16	-1.13578E-16
94.0556	6.40526E-16	3.46437E-16	5.31118E-16	1.01238E-17	3.06623E-18	1.95023E-16	-6.74345E-17	-2.68899E-16	-1.13052E-16
94.2222	6.37288E-16	3.44683E-16	5.28827E-16	1.00928E-17	3.05677E-18	1.9379E-16	-6.72393E-17	-2.68304E-16	-1.12522E-16
94.3889	6.34046E-16	3.42927E-16	5.26537E-16	1.00619E-17	3.04736E-18	1.92555E-16	-6.70446E-17	-2.67708E-16	-1.1199E-16
94.4444	6.33019E-16	3.42371E-16	5.25814E-16	1.00521E-17	3.04439E-18	1.92165E-16	-6.6983E-17	-2.6752E-16	-1.11821E-16
94.6111	6.37557E-16	3.45697E-16	5.09403E-16	9.61413E-18	2.40353E-18	1.93872E-16	-6.76637E-17	-2.56413E-16	-1.1594E-16
94.7778	6.42044E-16	3.48944E-16	4.99752E-16	9.91689E-18	2.99378E-18	1.91865E-16	-7.04896E-17	-2.52155E-16	-1.19767E-16
94.9444	6.47784E-16	3.52826E-16	5.00062E-16	1.0307E-17	3.1714E-18	1.88657E-16	-7.54642E-17	-2.55081E-16	-1.23511E-16
95.1111	6.55024E-16	3.57492E-16	5.09007E-16	1.13248E-17	3.37334E-18	1.84385E-16	-8.27061E-17	-2.64476E-16	-1.2672E-16
95.2778	6.64217E-16	3.63199E-16	5.25605E-16	1.24475E-17	3.81083E-18	1.78783E-16	-9.24872E-17	-2.80091E-16	-1.29738E-16
95.4444	6.76007E-16	3.70308E-16	5.49358E-16	1.45478E-17	4.47624E-18	1.72051E-16	-1.05293E-16	-3.02212E-16	-1.31956E-16
95.6111	6.91302E-16	3.79325E-16	5.80362E-16	1.66168E-17	5.08983E-18	1.64694E-16	-1.21953E-16	-3.31832E-16	-1.34323E-16
95.7778	7.1147E-16	3.91002E-16	6.1947E-16	2.00065E-17	6.25203E-18	1.56483E-16	-1.43887E-16	-3.71006E-16	-1.35876E-16
95.9444	7.38795E-16	4.06582E-16	6.68498E-16	2.50713E-17	7.69574E-18	1.47828E-16	-1.7367E-16	-4.23573E-16	-1.36549E-16
96	7.50136E-16	4.12998E-16	6.87552E-16	2.73189E-17	8.19567E-18	1.43641E-16	-1.86104E-16	-4.45168E-16	-1.36467E-16