Time	Gly(C2w)	Time	Gly(C2wo)	Time	wC2(C2w)	Time	wC2(C2wo)	Time	C2(C2w)	Time	C2(C2wo)	Time	MGly(C2w)	Time	MGly(C2wo)	Time	Pyr(C2w)	Time	Pyr(C2wo)	Time	C3(C2w)	Time	C3(C2wo)
23.99194	348.92124	24.00417	0.30376	23.99194	188.71328	24.00417	67.40357	23.99194	54.82429	24.00417	70.19464	23.99194	51.32908	24.00417	0.00345	23.99194	28.32938	24.00417	18.43211	23.99194	161.56683	24.00417	108.21171
24.15861	349.64457	24.17083	0.30785	24.15861	192.5912	24.17083	67.67953	24.15861	53.72051	24.17083	69.18908	24.15861	51.69657	24.17083	0.0035	24.15861	29.42778	24.17083	18.41059	24.15861	160.87997	24.17083	108.29324
24.32528	350.35147	24.3375	0.31196	24.32528	196.36235	24.3375	67.9533	24.32528	52.58517	24.3375	68.22627	24.32528	52.05929	24.3375	0.00354	24.32528	30.49537	24.3375	18.39342	24.32528	160.21689	24.3375	108.37054
24.49194	351.03479	24.50417	0.31609	24.49194	200.05368	24.50417	68.22557	24.49194	51.42954	24.50417	67.30456	24.49194	52.4175	24.50417	0.00359	24.49194	31.5265	24.50417	18.38048	24.49194	159.57753	24.50417	108.44493
24.65861	351.68944	24.67083	0.32024	24.65861	203.67807	24.67083	68.4964	24.65861	50.2775	24.67083	66.42235	24.65861	52.77122	24.67083	0.00364	24.65861	32.51986	24.67083	18.37166	24.65861	158.96239	24.67083	108.51602
24.82528	352.27164	24.8375	0.32441	24.82528	207.24581	24.8375	68.7652	24.82528	49.13386	24.8375	65.57808	24.82528	53.12115	24.8375	0.00369	24.82528	33.47364	24.8375	18.36682	24.82528	158.37074	24.8375	108.58421
24.84194	352.3571	25.00417	0.3286	24.84194	207.59774	25.00417	69.03246	24.84194	49.02084	25.00417	64.77023	24.84194	53.15626	25.00417	0.00373	24.84194	33.56704	25.00417	18.36591	24.84194	158.31313	25.00417	108.64992
25.00861	72.94215	25.17083	0.33281	25.00861	182.18824	25.17083	69.29839	25.00861	56.87297	25.17083	63.99815	25.00861	0.01439	25.17083	0.00378	25.00861	32.64434	25.17083	18.36881	25.00861	142.05166	25.17083	108.71314
25.09194	26.64988	25.3375	0.33704	25.09194	161.17268	25.3375	69.56308	25.09194	57.84559	25.3375	63.26002	25.09194	0.00629	25.3375	0.00383	25.09194	31.61994	25.3375	18.37532	25.09194	130.84176	25.3375	108.77419
25.25861	3.80224	25.50417	0.34129	25.25861	156.28285	25.50417	69.82601	25.25861	56.56791	25.50417	62.55445	25.25861	0.00619	25.50417	0.00388	25.25861	30.9176	25.50417	18.3854	25.25861	124.64251	25.50417	108.83328
25.42528	0.87033	25.67083	0.34556	25.42528	153.79131	25.67083	70.08798	25.42528	55.21152	25.67083	61.88062	25.42528	0.00616	25.67083	0.00393	25.42528	30.60769	25.67083	18.39894	25.42528	121.10068	25.67083	108.89019
25.59194	0.49429	25.8375	0.34985	25.59194	152.08943	25.8375	70.34864	25.59194	54.01711	25.8375	61.23724	25.59194	0.00615	25.8375	0.00397	25.59194	30.40082	25.8375	18.41586	25.59194	118.82201	25.8375	108.94514
25.75861	0.44633	26.00417	0.35416	25.75861	150.82476	26.00417	70.60815	25.75861	52.99204	26.00417	60.6231	25.75861	0.00614	26.00417	0.00402	25.75861	30.26192	26.00417	18.43607	25.75861	117.27952	26.00417	108.99884
25.92528	0.44115	26.17083	0.35849	25.92528	149.84612	26.17083	70.86635	25.92528	52.12766	26.17083	60.03724	25.92528	0.00615	26.17083	0.00407	25.92528	30.17057	26.17083	18.4594	25.92528	116.20954	26.17083	109.05058
26.09194	0.44217	26.3375	0.36283	26.09194	149.06971	26.3375	71.12367	26.09194	51.40562	26.3375	59.47849	26.09194	0.00617	26.3375	0.00412	26.09194	30.11359	26.3375	18.48586	26.09194	115.46002	26.3375	109.10128
26.25861	0.44464	26.50417	0.3672	26.25861	148.44524	26.50417	71.37987	26.25861	50.80403	26.50417	58.94581	26.25861	0.00619	26.50417	0.00417	26.25861	30.08166	26.50417	18.51524	26.25861	114.93598	26.50417	109.15032
26.42528	0.44784	26.67083	0.37159	26.42528	147.93454	26.67083	71.63508	26.42528	50.30111	26.67083	58.43859	26.42528	0.00623	26.67083	0.00422	26.42528	30.06836	26.67083	18.5476	26.42528	114.5736	26.67083	109.19833
26.59194	0.45159	26.8375	0.376	26.59194	147.51047	26.8375	71.88949	26.59194	49.8774	26.8375	57.95545	26.59194	0.00627	26.8375	0.00427	26.59194	30.06856	26.8375	18.58268	26.59194	114.32743	26.8375	109.24478
26.75861	0.45577	27.00417	0.38043	26.75861	147.15223	27.00417	72.14272	26.75861	49.51564	27.00417	57.49568	26.75861	0.00632	27.00417	0.00432	26.75861	30.07883	27.00417	18.62053	26.75861	114.16549	27.00417	109.29051
26.92528	0.4603	27.17083	0.38488	26.92528	146.8452	27.17083	72.39482	26.92528	49.20279	27.17083	57.05853	26.92528	0.00637	27.17083	0.00437	26.92528	30.09658	27.17083	18.66104	26.92528	114.06501	27.17083	109.3351
27.09194	0.46511	27.3375	0.38935	27.09194	146.57514	27.3375	72.64644	27.09194	48.92848	27.3375	56.64293	27.09194	0.00643	27.3375	0.00442	27.09194	30.12009	27.3375	18.70408	27.09194	114.00874	27.3375	109.37875
27.25861	0.47014	27.50417	0.39384	27.25861	146.33518	27.50417	72.89697	27.25861	48.68445	27.50417	56.24814	27.25861	0.00649	27.50417	0.00447	27.25861	30.14793	27.50417	18.74958	27.25861	113.98432	27.50417	109.42178
27.42528	0.47533	27.67083	0.39834	27.42528	146.11788	27.67083	73.14665	27.42528	48.4652	27.67083	55.87343	27.42528	0.00655	27.67083	0.00453	27.42528	30.17921	27.67083	18.79753	27.42528	113.98338	27.67083	109.46378
27.59194	0.48067	27.8375	0.40287	27.59194	145.91799	27.8375	73.39564	27.59194	48.26616	27.8375	55.5179	27.59194	0.00661	27.8375	0.00458	27.59194	30.21299	27.8375	18.84786	27.59194	113.99908	27.8375	109.50484
27.75861	0.48613	28.00417	0.40742	27.75861	145.73167	28.00417	73.64411	27.75861	48.08426	28.00417	55.1811	27.75861	0.00667	28.00417	0.00463	27.75861	30.2492	28.00417	18.90038	27.75861	114.02651	28.00417	109.54569
27.92528	0.49168	28.17083	0.41199	27.92528	145.55715	28.17083	73.89152	27.92528	47.91741	28.17083	54.86219	27.92528	0.00674	28.17083	0.00468	27.92528	30.28719	28.17083	18.95517	27.92528	114.06242	28.17083	109.58551
28.09194	0.49731	28.3375	0.41657	28.09194	145.39071	28.3375	74.13813	28.09194	47.7641	28.3375	54.56026	28.09194	0.0068	28.3375	0.00473	28.09194	30.32697	28.3375	19.01202	28.09194	114.10434	28.3375	109.62491
28.25861	0.50301	28.50417	0.42118	28.25861	145.23176	28.50417	74.38401	28.25861	47.62309	28.50417	54.27498	28.25861	0.00687	28.50417	0.00478	28.25861	30.36823	28.50417	19.07096	28.25861	114.15075	28.50417	109.66358
28.42528	0.50877	28.67083	0.42581	28.42528	145.07935	28.67083	74.62916	28.42528	47.49354	28.67083	54.0056	28.42528	0.00693	28.67083	0.00484	28.42528	30.41072	28.67083	19.13189	28.42528	114.20001	28.67083	109.70153
28.59194	0.51458	28.8375	0.43045	28.59194	144.93273	28.8375	74.87349	28.59194	47.37523	28.8375	53.75138	28.59194	0.007	28.8375	0.00489	28.59194	30.45459	28.8375	19.19476	28.59194	114.25141	28.8375	109.73926
28.75861	0.52044	29.00417	0.43512	28.75861	144.78953	29.00417	75.11797	28.75861	47.26758	29.00417	53.51381	28.75861	0.00707	29.00417	0.00494	28.75861	30.49965	29.00417	19.26003	28.75861	114.30381	29.00417	109.77801
28.92528	0.52634	29.17083	0.43984	28.92528	144.65115	29.17083	75.36555	28.92528	47.17026	29.17083	53.1925	28.92528	0.00714	29.17083	0.00499	28.92528	30.54599	29.17083	19.33519	28.92528	114.35734	29.17083	109.8615
29.09194	0.53243	29.3375	0.44423	29.09194	144.53289	29.3375	75.58524	29.09194	47.08392	29.3375	51.79227	29.09194	0.00721	29.3375	0.00504	29.09194	30.59773	29.3375	19.41232	29.09194	114.41416	29.3375	110.00857
29.25861	0.53867	29.50417	0.4479	29.25861	144.45821	29.50417	75.73332	29.25861	47.23391	29.50417	48.49154	29.25861	0.00727	29.50417	0.00506	29.25861	30.66213	29.50417	19.47983	29.25861	114.48172	29.50417	110.16693
29.42528	0.54431	29.67083	0.4507	29.42528	144.35961	29.67083	75.79054	29.42528	47.89854	29.67083	44.65125	29.42528	0.00731	29.67083	0.00508	29.42528	30.72774	29.67083	19.53751	29.42528	114.55377	29.67083	110.31099
29.59194	0.54897	29.8375	0.45268	29.59194	144.17631	29.8375	75.75537	29.59194	47.64933	29.8375	42.16011	29.59194	0.00734	29.8375	0.00508	29.59194	30.78868	29.8375	19.58641	29.59194	114.62303	29.8375	110.42771
29.75861	0.55264	30.00417	0.45392	29.75861	143.88933	30.00417	75.63676	29.75861	46.25086	30.00417	41.20745	29.75861	0.00735	30.00417	0.00507	29.75861	30.84321	30.00417	19.6301	29.75861	114.68645	30.00417	110.5153
29.92528	0.55544	30.17083	0.45457	29.92528	143.49447	30.17083	75.44374	29.92528	45.30125	30.17083	40.99492	29.92528	0.00734	30.17083	0.00505	29.92528	30.8914	30.17083	19.67445	29.92528	114.7436	30.17083	110.578
30.09194	0.55755	30.3375	0.45475	30.09194	142.99749	30.3375	75.18633	30.09194	45.05461	30.3375	40.98962	30.09194	0.00731	30.3375	0.00502	30.09194	30.93662	30.3375	19.7265	30.09194	114.79463	30.3375	110.61819
30.25861	0.55914	30.50417	0.45461	30.25861	142.40628	30.50417	74.87254	30.25861	45.09633	30.50417	41.0328	30.25861	0.00728	30.50417	0.005	30.25861	30.98473	30.50417	19.79306	30.25861	114.8411	30.50417	110.63966
30.42528	0.56037	30.67083	0.45426	30.42528	141.72946	30.67083	74.50993	30.42528	45.21736	30.67083	41.09553	30.42528	0.00725	30.67083	0.00497	30.42528	31.04223	30.67083	19.88042	30.42528	114.88302	30.67083	110.64508
30.59194	0.56137	30.8375	0.45381	30.59194	140.97403	30.8375	74.10481	30.59194	45.36778	30.8375	41.17381	30.59194	0.0072	30.8375	0.00494	30.59194	31.11609	30.8375	19.99399	30.59194	114.92097	30.8375	110.63742
30.75861	0.5623	31.00417	0.45338	30.75861	140.1488	31.00417	73.66344	30.75861	45.53963	31.00417	41.26594	30.75861	0.00716	31.00417	0.00491	30.75861	31.21281	31.00417	20.13856	30.75861	114.95579	31.00417	110.61853
30.92528	0.56326	31.17083	0.45306	30.92528	139.25899	31.17083	73.1903	30.92528	45.7317	31.17083	41.37138	30.92528	0.00712	31.17083	0.00488	30.92528	31.3381	31.17083	20.31823	30.92528	114.98756	31.17083	110.59066
31.09194	0.56439	31.3375	0.45294	31.09194	138.31149	31.3375	72.69046	31.09194	45.94373	31.3375	41.48965	31.09194	0.00708	31.3375	0.00486	31.09194	31.49716	31.3375	20.53663	31.09194	115.01752	31.3375	110.55546
31.25861	0.56579	31.50417	0.4531	31.25861	137.31141	31.50417	72.16758	31.25861	46.17543	31.50417	41.62034	31.25861	0.00705	31.50417	0.00484	31.25861	31.69489	31.50417	20.79703	31.25861	115.04577	31.50417	110.51425
31.42528	0.56756	31.67083	0.4536	31.42528	136.26467	31.67083	71.62622	31.42528	46.42715	31.67083	41.76301	31.42528	0.00702	31.67083	0.00483	31.42528	31.9357	31.67083	21.10227	31.42528	115.07273	31.67083	110.46859
31.59194	0.56977	31.8375	0.45449	31.59194	135.17537	31.8375	71.06896	31.59194	46.69861	31.8375	41.9174	31.59194	0.00701	31.8375	0.00483	31.59194	32.22368	31.8375	21.45507	31.59194	115.0987	31.8375	110.41991
31.75861	0.5725	32.00417	0.45583	31.75861	134.04746	32.00417	70.49953	31.75861	46.98983	32.00417	42.08329	31.75861	0.007	32.00417	0.00484	31.75861	32.56267	32.00417	21.85779	31.75861	115.124	32.00417	110.3682
31.92528	0.57581	32.17083	0.45763	31.92528	132.88686	32.17083	69.92099	31.92528	47.301	32.17083	42.26001	31.92528	0.007	32.17083	0.00485	31.92528	32.95598	32.17083	22.31262	31.92528	115.14862	32.17083	110.31554
32.09194	0.57972	32.3375	0.45989	32.09194	131.69572	32.3375	69.33599	32.09194	47.63152	32.3375	42.44771	32.09194	0.00702	32.3375	0.00487	32.09194	33.40749	32.3375	22.82153	32.09194	115.17349	32.3375	110.26232
32.25861	0.58426	32.50417	0.46263	32.25861	130.4799	32.50417	68.74762	32.25861	47.98127	32.50417	42.64579	32.25861	0.00704	32.50417	0.0049	32.25861	33.9196	32.50417	23.38651	32.25861	115.19799	32.50417	110.20926
32.42528	0.58943	32.67083	0.4658	32.42528	129.24252	32.67083	68.15857	32.42528	48.34987	32.67083	42.85414	32.42528	0.00708	32.67083	0.00494	32.42528	34.49573	32.67083	24.00902	32.42528	115.22253	32.67083	110.15719
32.59194	0.59521	32.8375	0.4694	32.59194	127.98756	32.8375	67.5712	32.59194	48.73731	32.8375	43.07244	32.59194	0.00713	32.8375	0.00498	32.59194	35.13837	32.8375	24.69059	32.59194	115.24754	32.8375	110.10619
32.75861	0.60157	33.00417	0.47335	32.75861	126.72004	33.00417	66.98917	32.75861	49.14239	33.00417	43.30052	32.75861	0.00719	33.00417	0.00503	32.75861	35.85006	33.00417	25.43233	32.75861	115.27289	33.00417	110.05742
32.92528	0.60846	33.17083	0.47762	32.92528	125.44298	33.17083	66.4145	32.92528	49.56528	33.17083	43.53795	32.92528	0.00727	33.17083	0.00509	32.92528	36.63262	33.17083	26.23538	32.92528	115.29869	33.17083	110.01116
33.09194	0.61581	33.3375	0.48214	33.09194	124.16143	33.3375	65.85032	33.09194	50.00541	33.3375	43.78479	33.09194	0.00735	33.3375	0.00515	33.09194	37.4881	33.3375	27.10016	33.09194	115.32537	33.3375	109.96783
33.25861	0.62355	33.50417	0.48683	33.25861	122.87946	33.50417	65.29972	33.25861	50.46221	33.50417	44.04067	33.25861	0.00744	33.50417	0.00522	33.25861	38.41789	33.50417	28.0269	33.25861	115.35249	33.50417	109.92773
33.42528	0.6316	33.67083	0.49163	33.42528	121.60103	33.67083	64.76557	33.42528	50.93484	33.67083	44.30546	33.42528	0.00754	33.67083	0.00529	33.42528	39.42317	33.67083	29.01545	33.42528	115.38078	33.67083	109.89095
33.59194	0.63985	33.8375	0.49646	33.59194	120.33217	33.8375	64.25046	33.59194	51.42299	33.8375	44.57913	33.59194	0.00764	33.8375	0.00537	33.59194	40.50424	33.8375	30.06534	33.59194	115.40983	33.8375	109.85813
33.75861	0.64822	34.00417	0.50126	33.75861	119.07505	34.00417	63.75776	33.75861	51.92618	34.00417	44.86175	33.75861	0.00775	34.00417	0.00544	33.75861	41.66126	34.00417	31.17502	33.75861	115.44004	34.00417	109.82914
33.92528	0.6566	34.17083	0.50596	33.92528	117.83648	34.17083	63.29017	33.92528	52.44336	34.17083	45.15299	33.92528	0.00787	34.17083	0.00552	33.92528	42.89355	34.17083	32.34321	33.92528	115.47111	34.17083	109.80398
34.09194	0.66491	34.3375	0.5105	34.09194	116.61963	34.3375	62.85034	34.09194	52.9749	34.3375	45.45251	34.09194	0.00799	34.3375	0.0056	34.09194	44.2003	34.3375	33.56737	34.09194	115.50313	34.3375	109.78337
34.25861	0.67307	34.50417	0.51483	34.25861	115.42951	34.50417	62.44122	34.25861	53.51932	34.50417	45.76086	34.25861	0.0081	34.50417	0.00567	34.25861	45.57926	34.50417	34.84508	34.25861	115.53651	34.50417	109.7668
34.42528	0.68097	34.67083	0.51892	34.42528	114.27009	34.67083	62.06459	34.42528	54.07651	34.67083	46.07788	34.42528	0.00822	34.67083	0.00575	34.42528	47.02835	34.67083	36.17255	34.42528	115.57064	34.67083	109.75404
34.59194	0.68857	34.8375	0.52271	34.59194	113.14635	34.8375	61.72275	34.59194	54.64613	34.8375	46.40333	34.59194	0.00833	34.8375	0.00582	34.59194	48.54387	34.8375	37.54599	34.59194	115.60654	34.8375	109.74602
34.75861	0.69579	35.00417	0.52618	34.75861	112.05957	35.00417	61.41756	34.75861	55.22742	35.00417	46.73754	34.75861	0.00844	35.00417	0.00589	34.75861	50.12244	35.00417	38.96079	34.75861	115.64308	35.00417	109.74192
34.92528	0.70259	35.17083	0.52932	34.92528	111.01641	35.17083	61.15072	34.92528	55.81965	35.17083	47.08035	34.92528	0.00855	35.17083	0.00595	34.92528	51.75876	35.17083	40.41196	34.92528	115.68076	35.17083	109.74204
35.09194	0.70891	35.3375	0.53211	35.09194	110.0181	35.3375	60.92273	35.09194	56.42273	35.3375	47.43177	35.09194	0.00865	35.3375	0.00601	35.09194	53.44831	35.3375	41.894	35.09194	115.71989	35.3375	109.74628
35.10861	0.70952	35.50417	0.53455	35.10861	109.92023	35.50417	60.73452	35.10861	56.4837	35.50417	47.79171	35.10861	0.00866	35.50417	0.00606	35.10861	53.62029	35.50417	43.40091	35.10861	115.72385	35.50417	109.75421
35.27528	2.02972	35.67083	0.53664	35.27528	150.30137	35.67083	60.58629	35.27528	60.4979	35.67083	48.1603	35.27528	0.10905	35.67083	0.00611	35.27528	63.20692	35.67083	44.92657	35.27528	152.78128	35.67083	109.76594
35.35861	467.28439	35.8375	0.53837	35.35861	183.39325	35.8375	60.4779	35.35861	61.83419	35.8375	48.53716	35.35861	75.77261	35.8375	0.00616	35.35861	65.36018	35.8375	46.46426	35.35861	157.68309	35.8375	109.78137
35.52528	465.6632	36.00417	0.53976	35.52528	274.26928	36.00417	60.4089	35.52528	53.95806	36.00417	48.92246	35.52528	74.16075	36.00417	0.0062	35.52528	76.39452	36.00417	48.00713	35.52528	157.80959	36.00417	109.80058
35.69194	448.19886	36.17083	0.54082	35.69194	292.62707	36.17083	60.37871	35.69194	55.85671	36.17083	49.31594	35.69194	72.30566	36.17083	0.00623	35.69194	87.59664	36.17083	49.54839	35.69194	157.68539	36.17083	109.82318
35.85861	434.84147	36.3375	0.54156	35.85861	305.31997	36.3375	60.38555	35.85861	60.02109	36.3375	49.71741	35.85861	70.51206	36.3375	0.00626	35.85861	99.38338	36.3375	51.081	35.85861	157.60465	36.3375	109.84904
36.02528	422.73189	36.50417	0.54201	36.02528	315.92202	36.50417	60.42823	36.02528	64.99306	36.50417	50.12636	36.02528	68.77211	36.50417	0.00628	36.02528	111.2501	36.50417	52.59792	36.02528	157.55595	36.50417	109.87807
36.19194	411.03828	36.67083	0.54216	36.19194	325.45066	36.67083	60.50493	36.19194	70.36579	36.67083	50.54284	36.19194	67.08402	36.67083	0.0063	36.19194	122.792	36.67083	54.0921	36.19194	157.53299	36.67083	109.91037
36.35861	399.619	36.8375	0.54205	36.35861	334.13624	36.8375	60.61356	36.35861	75.95615	36.8375	50.96546	36.35861	65.44896	36.8375	0.00631	36.35861	133.83465	36.8375	55.55699	36.35861	157.53324	36.8375	109.94501
36.52528	388.47704	37.00417	0.54168	36.52528	342.03568	37.00417	60.75189	36.52528	81.64607	37.00417	51.3946	36.52528	63.86575	37.00417	0.00632	36.52528	144.30817	37.00417	56.98591	36.52528	157.55559	37.00417	109.98302
36.64194	380.85639	37.17083	0.54108	36.64194	347.11912	37.17083	60.91788	36.64194	85.63959	37.17083	51.82912	36.64194	62.78822	37.17083	0.00632	36.64194	151.28294	37.17083	58.37242	36.64194	157.58402	37.17083	110.02335
36.80861	77.88754	37.3375	0.54026	36.80861	295.81138	37.3375	61.10904	36.80861	87.5784	37.3375	52.26833	36.80861	0.0203	37.3375	0.00632	36.80861	160.84895	37.3375	59.71081	36.80861	139.0703	37.3375	110.06655
36.89194	28.3651	37.50417	0.53923	36.89194	263.61852	37.50417	61.32301	36.89194	87.62874	37.50417	52.7109	36.89194	0.00892	37.50417	0.00631	36.89194	157.27877	37.50417	60.99507	36.89194	128.22894	37.50417	110.11186
37.05861	4.13747	37.67083	0.53802	37.05861	256.04254	37.67083	61.55723	37.05861	88.21382	37.67083	53.15649	37.05861	0.00891	37.67083	0.0063	37.05861	157.43695	37.67083	62.22014	37.05861	124.78589	37.67083	110.1593
37.22528	1.04906	37.8375	0.53663	37.22528	250.53505	37.8375	61.80935	37.22528	88.7463	37.8375	53.60401	37.22528	0.00896	37.8375	0.00629	37.22528	158.34518	37.8375	63.38123	37.22528	122.76697	37.8375	110.20938
37.39194	0.6602	38.00417	0.53508	37.39194	245.74527	38.00417	62.07688	37.39194	89.28963	38.00417	54.05179	37.39194	0.00902	38.00417	0.00627	37.39194	158.99852	38.00417	64.47407	37.39194	121.41519	38.00417	110.26096
37.55861	0.61593	38.17083	0.53338	37.55861	241.47684	38.17083	62.35814	37.55861	89.87649	38.17083	54.49835	37.55861	0.00908	38.17083	0.00625	37.55861	159.47727	38.17083	65.49474	37.55861	120.49775	38.17083	110.31487
37.72528	0.61569	38.3375	0.53155	37.72528	237.62121	38.3375	62.65028	37.72528	90.51911	38.3375	54.94318	37.72528	0.00914	38.3375	0.00623	37.72528	159.83345	38.3375	66.43948	37.72528	119.87811	38.3375	110.37028
37.89194	0.62111	38.50417	0.52959	37.89194	234.10511	38.50417	62.95174	37.89194	91.21582	38.50417	55.38413	37.89194	0.0092	38.50417	0.0062	37.89194	160.09796	38.50417	67.3055	37.89194	119.4695	38.50417	110.42772
38.05861	0.62718	38.67083	0.52751	38.05861	230.87286	38.67083	63.26095	38.05861	91.95568	38.67083	55.8198	38.05861	0.00926	38.67083	0.00617	38.05861	160.28769	38.67083	68.09042	38.05861	119.2109	38.67083	110.48634
38.22528	0.63316	38.8375	0.52533	38.22528	227.88334	38.8375	63.57588	38.22528	92.72557	38.8375	56.24888	38.22528	0.00931	38.8375	0.00614	38.22528	160.41276	38.8375	68.79215	38.22528	119.05984	38.8375	110.54677
38.39194	0.63884	39.00417	0.52306	38.39194	225.10108	39.00417	63.89531	38.39194	93.51208	39.00417	56.66973	38.39194	0.00936	39.00417	0.0061	38.39194	160.47803	39.00417	69.40897	38.39194	118.98397	39.00417	110.6084
38.55861	0.64412	39.17083	0.5207	38.55861	222.5016	39.17083	64.21778	38.55861	94.3022	39.17083	57.08027	38.55861	0.0094	39.17083	0.00606	38.55861	160.48753	39.17083	69.93959	38.55861	118.96123	39.17083	110.67153
38.72528	0.6489	39.3375	0.51826	38.72528	220.06583	39.3375	64.54277	38.72528	95.08747	39.3375	57.47908	38.72528	0.00942	39.3375	0.00602	38.72528	160.4424	39.3375	70.38352	38.72528	118.97628	39.3375	110.73555
38.89194	0.65315	39.50417	0.51576	38.89194	217.779	39.50417	64.86929	38.89194	95.85816	39.50417	57.86431	38.89194	0.00944	39.50417	0.00598	38.89194	160.34309	39.50417	70.74057	38.89194	119.01614	39.50417	110.80055
39.05861	0.65685	39.67083	0.5132	39.05861	215.62836	39.67083	65.1969	39.05861	96.60876	39.67083	58.23474	39.05861	0.00945	39.67083	0.00594	39.05861	160.19115	39.67083	71.0106	39.05861	119.0738	39.67083	110.86633
39.22528	0.65997	39.8375	0.51059	39.22528	213.60672	39.8375	65.52561	39.22528	97.33359	39.8375	58.58793	39.22528	0.00945	39.8375	0.00589	39.22528	159.98586	39.8375	71.19435	39.22528	119.14304	39.8375	110.93269
39.39194	0.66253	40.00417	0.50794	39.39194	211.70706	40.00417	65.8554	39.39194	98.02916	40.00417	58.9228	39.39194	0.00943	40.00417	0.00585	39.39194	159.72734	40.00417	71.29194	39.39194	119.21978	40.00417	110.99963
39.55861	0.66455	40.17083	0.50526	39.55861	209.92413	40.17083	66.18665	39.55861	98.69067	40.17083	59.23763	39.55861	0.00941	40.17083	0.0058	39.55861	159.41669	40.17083	71.30544	39.55861	119.30052	40.17083	111.06643
39.72528	0.66605	40.3375	0.50258	39.72528	208.25279	40.3375	66.52028	39.72528	99.31695	40.3375	59.53058	39.72528	0.00938	40.3375	0.00575	39.72528	159.05325	40.3375	71.23596	39.72528	119.38491	40.3375	111.13382
39.89194	0.66706	40.50417	0.49989	39.89194	206.68944	40.50417	66.85733	39.89194	99.90415	40.50417	59.80001	39.89194	0.00935	40.50417	0.0057	39.89194	158.63842	40.50417	71.08565	39.89194	119.47046	40.50417	111.20045
40.05861	0.66763	40.67083	0.49723	40.05861	205.23199	40.67083	67.19929	40.05861	100.45209	40.67083	60.04443	40.05861	0.0093	40.67083	0.00565	40.05861	158.17207	40.67083	70.85665	40.05861	119.55575	40.67083	111.26685
40.22528	0.66777	40.8375	0.4946	40.22528	203.87865	40.8375	67.5486	40.22528	100.95761	40.8375	60.2624	40.22528	0.00925	40.8375	0.0056	40.22528	157.65525	40.8375	70.55182	40.22528	119.63986	40.8375	111.33189
40.39194	0.66755	41.00417	0.49205	40.39194	202.62698	41.00417	67.90755	40.39194	101.42031	41.00417	60.45186	40.39194	0.0092	41.00417	0.00555	40.39194	157.0899	41.00417	70.1742	40.39194	119.72413	41.00417	111.39558
40.55861	0.66701	41.17083	0.48958	40.55861	201.47466	41.17083	68.27981	40.55861	101.83975	41.17083	60.61131	40.55861	0.00914	41.17083	0.0055	40.55861	156.47629	41.17083	69.72764	40.55861	119.80641	41.17083	111.45813
40.72528	0.6662	41.3375	0.48724	40.72528	200.42407	41.3375	68.6692	40.72528	102.21266	41.3375	60.7384	40.72528	0.00907	41.3375	0.00545	40.72528	155.81752	41.3375	69.21612	40.72528	119.8869	41.3375	111.51769
40.89194	0.66517	41.50417	0.48507	40.89194	199.47498	41.50417	69.08093	40.89194	102.53954	41.50417	60.83116	40.89194	0.009	41.50417	0.0054	40.89194	155.11535	41.50417	68.64415	40.89194	119.96489	41.50417	111.57449
41.05861	0.66398	41.67083	0.48311	41.05861	198.6271	41.67083	69.52105	41.05861	102.81988	41.67083	60.88658	41.05861	0.00893	41.67083	0.00536	41.05861	154.37275	41.67083	68.01734	41.05861	120.04173	41.67083	111.62793
41.22528	0.6627	41.8375	0.48141	41.22528	197.88396	41.8375	69.99769	41.22528	103.05243	41.8375	60.9003	41.22528	0.00886	41.8375	0.00532	41.22528	153.59271	41.8375	67.34155	41.22528	120.11608	41.8375	111.67607
41.39194	0.6614	42.00417	0.48005	41.39194	197.24811	42.00417	70.52008	41.39194	103.23517	42.00417	60.86734	41.39194	0.00879	42.00417	0.00528	41.39194	152.77941	42.00417	66.62338	41.39194	120.18774	42.00417	111.7178
41.55861	0.66016	42.17083	0.47909	41.55861	196.72485	42.17083	71.10043	41.55861	103.3663	42.17083	60.77943	41.55861	0.00873	42.17083	0.00525	41.55861	151.93683	42.17083	65.87095	41.55861	120.25806	42.17083	111.75132
41.72528	0.65905	42.3375	0.47862	41.72528	196.32125	42.3375	71.75132	41.72528	103.44539	42.3375	60.62417	41.72528	0.00866	42.3375	0.00523	41.72528	151.06984	42.3375	65.09222	41.72528	120.3255	42.3375	111.77298
41.89194	0.65817	42.50417	0.47874	41.89194	196.04621	42.50417	72.4851	41.89194	103.46543	42.50417	60.38253	41.89194	0.0086	42.50417	0.00522	41.89194	150.18413	42.50417	64.29507	41.89194	120.39143	42.50417	111.77753
42.05861	0.65764	42.67083	0.47958	42.05861	195.91015	42.67083	73.29766	42.05861	103.4229	42.67083	60.02214	42.05861	0.00855	42.67083	0.00522	42.05861	149.28596	42.67083	63.4837	42.05861	120.45577	42.67083	111.75609
42.22528	0.65757	42.8375	0.48123	42.22528	195.92681	42.8375	74.12104	42.22528	103.30845	42.8375	59.48923	42.22528	0.00851	42.8375	0.00523	42.22528	148.38284	42.8375	62.64424	42.22528	120.51782	42.8375	111.69441
42.39194	0.65809	43.00417	0.48373	42.39194	196.11354	43.00417	74.76212	42.39194	103.10743	43.00417	58.70595	42.39194	0.00848	43.00417	0.00526	42.39194	147.48075	43.00417	61.73419	42.39194	120.57867	43.00417	111.57922
42.55861	0.65932	43.17083	0.48701	42.55861	196.47937	43.17083	75.2592	42.55861	102.79685	43.17083	57.65706	42.55861	0.00847	43.17083	0.00529	42.55861	146.58393	43.17083	60.78527	42.55861	120.63746	43.17083	111.43264
42.72528	0.6614	43.3375	0.49085	42.72528	197.00125	43.3375	75.87405	42.72528	102.34051	43.3375	56.54927	42.72528	0.00848	43.3375	0.00534	42.72528	145.68526	43.3375	59.92019	42.72528	120.69547	43.3375	111.34181
42.89194	0.66437	43.50417	0.49507	42.89194	197.52899	43.50417	76.48112	42.89194	101.68765	43.50417	55.51329	42.89194	0.00851	43.50417	0.00538	42.89194	144.73859	43.50417	59.11504	42.89194	120.75145	43.50417	111.33292
43.05861	0.66813	43.67083	0.49955	43.05861	197.71164	43.67083	77.00266	43.05861	100.78654	43.67083	54.54704	43.05861	0.00855	43.67083	0.00543	43.05861	143.64393	43.67083	58.33682	43.05861	120.81039	43.67083	111.38142
43.22528	0.67266	43.8375	0.50423	43.22528	197.72794	43.8375	77.43379	43.22528	99.70459	43.8375	53.6439	43.22528	0.00861	43.8375	0.00548	43.22528	142.48178	43.8375	57.57733	43.22528	120.87948	43.8375	111.466
43.39194	0.67781	44.00417	0.50905	43.39194	197.8831	44.00417	77.79223	43.39194	98.62249	44.00417	52.79791	43.39194	0.00867	44.00417	0.00554	43.39194	141.38802	44.00417	56.83706	43.39194	120.96493	44.00417	111.57378
43.55861	0.68318	44.17083	0.51397	43.55861	198.03442	44.17083	78.09769	43.55861	97.57841	44.17083	52.00518	43.55861	0.00874	44.17083	0.00559	43.55861	140.32134	44.17083	56.11877	43.55861	121.06393	44.17083	111.69597
43.72528	0.68866	44.3375	0.51898	43.72528	198.10043	44.3375	78.36686	43.72528	96.56863	44.3375	51.2622	43.72528	0.0088	44.3375	0.00565	43.72528	139.25409	44.3375	55.4245	43.72528	121.16972	44.3375	111.82582
43.89194	0.69421	44.50417	0.52404	43.89194	198.06447	44.50417	78.6115	43.89194	95.59114	44.50417	50.56654	43.89194	0.00887	44.50417	0.00571	43.89194	138.17822	44.50417	54.75555	43.89194	121.28052	44.50417	111.95882
44.05861	0.69982	44.67083	0.52914	44.05861	197.93709	44.67083	78.83932	44.05861	94.64344	44.67083	49.91565	44.05861	0.00893	44.67083	0.00576	44.05861	137.09472	44.67083	54.11238	44.05861	121.39294	44.67083	112.09233
44.22528	0.7055	44.8375	0.53428	44.22528	197.73374	44.8375	79.05623	44.22528	93.72476	44.8375	49.30754	44.22528	0.009	44.8375	0.00582	44.22528	136.00908	44.8375	53.49504	44.22528	121.50567	44.8375	112.22379
44.39194	0.71124	45.00417	0.53944	44.39194	197.47145	45.00417	79.26526	44.39194	92.83365	45.00417	48.74055	44.39194	0.00907	45.00417	0.00588	44.39194	134.92468	45.00417	52.90298	44.39194	121.61842	45.00417	112.35291
44.55861	0.71703	45.17083	0.54463	44.55861	197.16646	45.17083	79.46902	44.55861	91.96974	45.17083	48.21277	44.55861	0.00914	45.17083	0.00594	44.55861	133.8458	45.17083	52.3358	44.55861	121.72976	45.17083	112.47836
44.72528	0.72289	45.3375	0.54983	44.72528	196.82969	45.3375	79.66963	44.72528	91.13184	45.3375	47.72262	44.72528	0.00921	45.3375	0.006	44.72528	132.77539	45.3375	51.79272	44.72528	121.84053	45.3375	112.59942
44.89194	0.7288	45.50417	0.55505	44.89194	196.46942	45.50417	79.86733	44.89194	90.31961	45.50417	47.26838	44.89194	0.00928	45.50417	0.00606	44.89194	131.71507	45.50417	51.27281	44.89194	121.94918	45.50417	112.71622
45.05861	0.73476	45.67083	0.56028	45.05861	196.09382	45.67083	80.0628	45.05861	89.53215	45.67083	46.8489	45.05861	0.00936	45.67083	0.00612	45.05861	130.66683	45.67083	50.77515	45.05861	122.05624	45.67083	112.82895
45.22528	0.74077	45.8375	0.56553	45.22528	195.7093	45.8375	80.25715	45.22528	88.7689	45.8375	46.46222	45.22528	0.00943	45.8375	0.00618	45.22528	129.63207	45.8375	50.29945	45.22528	122.16223	45.8375	112.9368
45.39194	0.74684	46.00417	0.57078	45.39194	195.31587	46.00417	80.4503	45.39194	88.02927	46.00417	46.10733	45.39194	0.0095	46.00417	0.00624	45.39194	128.61085	46.00417	49.84469	45.39194	122.26663	46.00417	113.04071
45.55861	0.75296	46.17083	0.57606	45.55861	194.9208	46.17083	80.64262	45.55861	87.31271	46.17083	45.78239	45.55861	0.00958	46.17083	0.0063	45.55861	127.60367	46.17083	49.4095	45.55861	122.36892	46.17083	113.14098
45.72528	0.75912	46.3375	0.58135	45.72528	194.52318	46.3375	80.8343	45.72528	86.61872	46.3375	45.48646	45.72528	0.00965	46.3375	0.00636	45.72528	126.61125	46.3375	48.9937	45.72528	122.46995	46.3375	113.23679
45.89194	0.76534	46.50417	0.58665	45.89194	194.1257	46.50417	81.02498	45.89194	85.94683	46.50417	45.2179	45.89194	0.00973	46.50417	0.00642	45.89194	125.63339	46.50417	48.59651	45.89194	122.56919	46.50417	113.32907
46.05861	0.77162	46.67083	0.59197	46.05861	193.72836	46.67083	81.21548	46.05861	85.29609	46.67083	44.97578	46.05861	0.00981	46.67083	0.00648	46.05861	124.67045	46.67083	48.2169	46.05861	122.66748	46.67083	113.41813
46.22528	0.77793	46.8375	0.59731	46.22528	193.33383	46.8375	81.40567	46.22528	84.66658	46.8375	44.75845	46.22528	0.00988	46.8375	0.00654	46.22528	123.72161	46.8375	47.85435	46.22528	122.76461	46.8375	113.50367
46.39194	0.78431	47.00417	0.60266	46.39194	192.94207	47.00417	81.5955	46.39194	84.05749	47.00417	44.56516	46.39194	0.00996	47.00417	0.00661	46.39194	122.78726	47.00417	47.508	46.39194	122.86037	47.00417	113.58641
46.55861	0.79072	47.17083	0.60803	46.55861	192.55305	47.17083	81.78479	46.55861	83.46866	47.17083	44.3944	46.55861	0.01004	47.17083	0.00667	46.55861	121.86721	47.17083	47.17775	46.55861	122.95466	47.17083	113.66635
46.72528	0.79719	47.3375	0.61342	46.72528	192.16676	47.3375	81.97413	46.72528	82.89941	47.3375	44.24522	46.72528	0.01012	47.3375	0.00673	46.72528	120.96092	47.3375	46.86251	46.72528	123.04738	47.3375	113.74348
46.89194	0.80371	47.50417	0.61883	46.89194	191.78401	47.50417	82.16338	46.89194	82.35038	47.50417	44.11658	46.89194	0.0102	47.50417	0.00679	46.89194	120.06839	47.50417	46.56149	46.89194	123.13998	47.50417	113.81834
46.90861	0.80436	47.67083	0.62425	46.90861	191.74622	47.67083	82.35233	46.90861	82.29624	47.67083	44.0075	46.90861	0.01021	47.67083	0.00686	46.90861	119.97983	47.67083	46.27469	46.90861	123.149	47.67083	113.89071
47.07528	2.31362	47.8375	0.6297	47.07528	248.44619	47.8375	82.54145	47.07528	76.83986	47.8375	43.91666	47.07528	0.12854	47.8375	0.00692	47.07528	131.16036	47.8375	46.00129	47.07528	155.62565	47.8375	113.96131
47.15861	456.79365	48.00417	0.63516	47.15861	258.60795	48.00417	82.73036	47.15861	74.65285	48.00417	43.84347	47.15861	71.59869	48.00417	0.00698	47.15861	124.8469	48.00417	45.74089	47.15861	160.9616	48.00417	114.02963
47.32528	530.59692	48.17083	0.64065	47.32528	262.91068	48.17083	82.91912	47.32528	70.97406	48.17083	43.78681	47.32528	72.35716	48.17083	0.00705	47.32528	122.1777	48.17083	45.49288	47.32528	160.97181	48.17083	114.09598
47.49194	525.12274	48.3375	0.64615	47.49194	271.96783	48.3375	83.10789	47.49194	69.10218	48.3375	43.74589	47.49194	72.7512	48.3375	0.00711	47.49194	122.61791	48.3375	45.25653	47.49194	160.93394	48.3375	114.16077
47.65861	519.53831	48.50417	0.65167	47.65861	281.1735	48.50417	83.29702	47.65861	67.94721	48.50417	43.71984	47.65861	73.15074	48.50417	0.00717	47.65861	123.10552	48.50417	45.032	47.65861	160.8923	48.50417	114.22422
47.82528	514.20308	48.67083	0.65722	47.82528	290.10039	48.67083	83.48584	47.82528	67.1506	48.67083	43.70781	47.82528	73.54983	48.67083	0.00724	47.82528	123.51146	48.67083	44.81835	47.82528	160.85052	48.67083	114.28569
47.99194	509.00821	48.8375	0.66279	47.99194	298.83894	48.8375	83.67498	47.99194	66.55157	48.8375	43.70935	47.99194	73.94649	48.8375	0.0073	47.99194	123.87409	48.8375	44.61535	47.99194	160.80924	48.8375	114.34612
48.15861	503.90484	49.00417	0.66838	48.15861	307.4342	49.00417	83.86375	48.15861	66.05979	49.00417	43.72327	48.15861	74.33954	49.00417	0.00737	48.15861	124.21628	49.00417	44.42245	48.15861	160.76918	49.00417	114.40511
48.32528	498.87391	49.17083	0.67399	48.32528	315.90183	49.17083	84.05292	48.32528	65.629	49.17083	43.74927	48.32528	74.72945	49.17083	0.00743	48.32528	124.54848	49.17083	44.23963	48.32528	160.7283	49.17083	114.46294
48.49194	493.91336	49.3375	0.67962	48.49194	324.24736	49.3375	84.24211	48.49194	65.23539	49.3375	43.78639	48.49194	75.11611	49.3375	0.0075	48.49194	124.87682	49.3375	44.06612	48.49194	160.68812	49.3375	114.51923
48.65861	489.02109	49.50417	0.68527	48.65861	332.47446	49.50417	84.43128	48.65861	64.86773	49.50417	43.83432	48.65861	75.49963	49.50417	0.00756	48.65861	125.20385	49.50417	43.90171	48.65861	160.64831	49.50417	114.57509
48.82528	484.19656	49.67083	0.69095	48.82528	340.58591	49.67083	84.62041	48.82528	64.52098	49.67083	43.89202	48.82528	75.88026	49.67083	0.00763	48.82528	125.5303	49.67083	43.74614	48.82528	160.60959	49.67083	114.6294
48.84194	483.71718	49.8375	0.69664	48.84194	341.39008	49.8375	84.81004	48.84194	64.48744	49.8375	43.95927	48.84194	75.91825	49.8375	0.0077	48.84194	125.56307	49.8375	43.59899	48.84194	160.60637	49.8375	114.68298
49.00861	99.78969	50.00417	0.70236	49.00861	294.57052	50.00417	84.99961	49.00861	68.40916	50.00417	44.03541	49.00861	0.02867	50.00417	0.00776	49.00861	128.54418	50.00417	43.46	49.00861	142.62472	50.00417	114.73563
49.09194	36.65321	50.17083	0.7081	49.09194	266.35211	50.17083	85.18928	49.09194	75.22311	50.17083	44.12004	49.09194	0.01255	50.17083	0.00783	49.09194	124.52971	50.17083	43.32885	49.09194	132.31181	50.17083	114.78786
49.25861	5.44736	50.3375	0.71386	49.25861	262.68968	50.3375	85.37889	49.25861	72.89249	50.3375	44.21259	49.25861	0.01235	50.3375	0.0079	49.25861	123.49232	50.3375	43.20528	49.25861	129.62564	50.3375	114.83863
49.42528	1.43061	50.50417	0.71964	49.42528	260.52245	50.50417	85.56864	49.42528	69.02801	50.50417	44.31239	49.42528	0.01228	50.50417	0.00796	49.42528	123.31391	50.50417	43.08898	49.42528	128.06073	50.50417	114.88889
49.59194	0.91225	50.67083	0.72545	49.59194	258.79712	50.67083	85.75834	49.59194	65.77462	50.67083	44.41924	49.59194	0.01223	50.67083	0.00803	49.59194	123.13876	50.67083	42.97964	49.59194	127.0108	50.67083	114.93863
49.75861	0.84499	50.8375	0.73128	49.75861	257.39077	50.8375	85.94845	49.75861	63.1379	50.8375	44.53282	49.75861	0.01222	50.8375	0.0081	49.75861	122.97876	50.8375	42.87721	49.75861	126.30389	50.8375	114.98774
49.92528	0.83723	51.00417	0.73713	49.92528	256.22264	51.00417	86.13859	49.92528	61.0582	51.00417	44.65243	49.92528	0.01222	51.00417	0.00817	49.92528	122.83726	51.00417	42.78124	49.92528	125.83457	51.00417	115.03602
50.09194	0.83848	51.17083	0.74299	50.09194	255.23223	51.17083	86.32874	50.09194	59.45013	51.17083	44.77784	50.09194	0.01225	51.17083	0.00823	50.09194	122.71236	51.17083	42.6915	50.09194	125.53213	51.17083	115.08388
50.25861	0.84199	51.3375	0.74888	50.25861	254.37438	51.3375	86.51897	50.25861	58.22913	51.3375	44.90878	50.25861	0.0123	51.3375	0.0083	50.25861	122.60096	51.3375	42.60776	50.25861	125.3445	51.3375	115.13122
50.42528	0.84664	51.50417	0.7548	50.42528	253.61216	51.50417	86.70924	50.42528	57.31986	51.50417	45.04483	50.42528	0.01235	51.50417	0.00837	50.42528	122.4985	51.50417	42.52995	50.42528	125.23981	51.50417	115.17774
50.59194	0.85208	51.67083	0.76073	50.59194	252.92162	51.67083	86.89987	50.59194	56.65952	51.67083	45.18563	50.59194	0.01242	51.67083	0.00844	50.59194	122.40139	51.67083	42.45793	50.59194	125.1901	51.67083	115.22404
50.75861	0.8581	51.8375	0.76669	50.75861	252.28181	51.8375	87.09022	50.75861	56.19817	51.8375	45.33094	50.75861	0.0125	51.8375	0.00851	50.75861	122.30738	51.8375	42.39126	50.75861	125.17945	51.8375	115.26951
50.92528	0.86455	52.00417	0.77266	50.92528	251.681	52.00417	87.28089	50.92528	55.89696	52.00417	45.48036	50.92528	0.01258	52.00417	0.00858	50.92528	122.21401	52.00417	42.32972	50.92528	125.19502	52.00417	115.31519
51.09194	0.87133	52.17083	0.77866	51.09194	251.10679	52.17083	87.47165	51.09194	55.72531	52.17083	45.63384	51.09194	0.01266	52.17083	0.00865	51.09194	122.11918	52.17083	42.27341	51.09194	125.22902	52.17083	115.35972
51.25861	0.87834	52.3375	0.78468	51.25861	250.5525	52.3375	87.6624	51.25861	55.65876	52.3375	45.79087	51.25861	0.01275	52.3375	0.00872	51.25861	122.02252	52.3375	42.22196	51.25861	125.27418	52.3375	115.40415
51.42528	0.88554	52.50417	0.79072	51.42528	250.01699	52.50417	87.85328	51.42528	55.67875	52.50417	45.9515	51.42528	0.01283	52.50417	0.00879	51.42528	121.9234	52.50417	42.17516	51.42528	125.32788	52.50417	115.44816
51.59194	0.89288	52.67083	0.79678	51.59194	249.49275	52.67083	88.04411	51.59194	55.76998	52.67083	46.11529	51.59194	0.01292	52.67083	0.00886	51.59194	121.82083	52.67083	42.13292	51.59194	125.38769	52.67083	115.49186
51.75861	0.90034	52.8375	0.80286	51.75861	248.97988	52.8375	88.23502	51.75861	55.9204	52.8375	46.28186	51.75861	0.01302	52.8375	0.00893	51.75861	121.71503	52.8375	42.09514	51.75861	125.45023	52.8375	115.53525
51.92528	0.9079	53.00417	0.80897	51.92528	248.47664	53.00417	88.42646	51.92528	56.12037	53.00417	46.45087	51.92528	0.01311	53.00417	0.009	51.92528	121.60519	53.00417	42.06236	51.92528	125.5153	53.00417	115.57883
52.09194	0.91554	53.17083	0.81514	52.09194	247.98178	53.17083	88.62121	52.09194	56.36177	53.17083	46.44016	52.09194	0.0132	53.17083	0.00906	52.09194	121.4919	53.17083	42.04608	52.09194	125.582	53.17083	115.63999
52.25861	0.92325	53.3375	0.82076	52.25861	247.49536	53.3375	88.78989	52.25861	56.63785	53.3375	44.92807	52.25861	0.0133	53.3375	0.00912	52.25861	121.37456	53.3375	42.03794	52.25861	125.64981	53.3375	115.7279
52.42528	0.93102	53.50417	0.82512	52.42528	247.0141	53.50417	88.89458	52.42528	56.94296	53.50417	40.90153	52.42528	0.01339	53.50417	0.00914	52.42528	121.253	53.50417	42.02286	52.42528	125.71687	53.50417	115.8202
52.59194	0.93886	53.67083	0.82798	52.59194	246.53946	53.67083	88.92123	52.59194	57.27304	53.67083	36.25566	52.59194	0.01349	53.67083	0.00915	52.59194	121.12801	53.67083	42.00309	52.59194	125.78538	53.67083	115.90535
52.75861	0.94674	53.8375	0.82941	52.75861	246.07117	53.8375	88.87052	52.75861	57.62371	53.8375	33.37233	52.75861	0.01359	53.8375	0.00913	52.75861	120.99902	53.8375	41.98205	52.75861	125.85315	53.8375	115.97646
52.92528	0.95468	54.00417	0.8296	52.92528	245.60896	54.00417	88.74909	52.92528	57.99218	54.00417	32.3732	52.92528	0.01369	54.00417	0.00909	52.92528	120.86622	54.00417	41.96585	52.92528	125.92163	54.00417	116.03427
53.09194	0.96281	54.17083	0.82879	53.09194	245.17591	54.17083	88.56512	53.09194	58.38277	54.17083	32.2512	53.09194	0.01378	54.17083	0.00904	53.09194	120.74085	54.17083	41.96482	53.09194	125.9886	54.17083	116.08017
53.25861	0.97114	54.3375	0.82722	53.25861	244.83057	54.3375	88.32676	53.25861	59.81779	54.3375	32.37494	53.25861	0.01387	54.3375	0.00898	53.25861	120.65667	54.3375	41.98918	53.25861	126.05496	54.3375	116.11519
53.42528	0.9786	54.50417	0.82508	53.42528	244.5035	54.50417	88.04163	53.42528	64.31824	54.50417	32.56081	53.42528	0.01392	54.50417	0.00892	53.42528	120.58684	54.50417	42.05006	53.42528	126.1181	54.50417	116.14097
53.59194	0.98442	54.67083	0.82258	53.59194	244.11105	54.67083	87.71567	53.59194	67.48066	54.67083	32.77467	53.59194	0.01394	54.67083	0.00885	53.59194	120.49829	54.67083	42.15695	53.59194	126.17591	54.67083	116.15882
53.75861	0.98857	54.8375	0.81988	53.75861	243.60668	54.8375	87.3549	53.75861	66.33735	54.8375	33.01172	53.75861	0.01392	54.8375	0.00878	53.75861	120.37918	54.8375	42.31744	53.75861	126.22938	54.8375	116.17007
53.92528	0.99136	55.00417	0.81716	53.92528	242.97671	55.00417	86.9639	53.92528	64.78414	55.00417	33.27063	53.92528	0.01388	55.00417	0.00872	53.92528	120.22883	55.00417	42.53838	53.92528	126.28028	55.00417	116.17552
54.09194	0.99313	55.17083	0.81456	54.09194	242.2157	55.17083	86.54714	54.09194	64.25667	55.17083	33.55122	54.09194	0.01382	55.17083	0.00865	54.09194	120.05175	55.17083	42.82509	54.09194	126.32942	55.17083	116.17693
54.25861	0.99417	55.3375	0.81221	54.25861	241.33331	55.3375	86.10831	54.25861	64.22979	55.3375	33.8535	54.25861	0.01374	55.3375	0.0086	54.25861	119.85446	55.3375	43.18228	54.25861	126.37659	55.3375	116.17511
54.42528	0.99471	55.50417	0.81021	54.42528	240.33516	55.50417	85.65093	54.42528	64.34647	55.50417	34.17727	54.42528	0.01365	55.50417	0.00855	54.42528	119.64584	55.50417	43.61356	54.42528	126.42448	55.50417	116.16996
54.59194	0.99498	55.67083	0.80867	54.59194	239.22873	55.67083	85.17802	54.59194	64.51595	55.67083	34.52239	54.59194	0.01356	55.67083	0.00851	54.59194	119.43495	55.67083	44.12189	54.59194	126.47181	55.67083	116.16302
54.75861	0.9952	55.8375	0.80765	54.75861	238.02459	55.8375	84.69265	54.75861	64.72349	55.8375	34.8887	54.75861	0.01346	55.8375	0.00849	54.75861	119.23074	55.8375	44.71008	54.75861	126.51981	55.8375	116.1548
54.92528	0.99555	56.00417	0.80721	54.92528	236.72764	56.00417	84.1973	54.92528	64.96839	56.00417	35.27652	54.92528	0.01337	56.00417	0.00847	54.92528	119.04087	56.00417	45.37999	54.92528	126.56775	56.00417	116.1452
55.09194	0.9962	56.17083	0.80739	55.09194	235.34746	56.17083	83.6943	55.09194	65.2511	56.17083	35.68529	55.09194	0.01328	56.17083	0.00847	55.09194	118.87287	56.17083	46.13336	55.09194	126.61782	56.17083	116.13494
55.25861	0.99731	56.3375	0.8082	55.25861	233.88532	56.3375	83.18693	55.25861	65.57241	56.3375	36.11517	55.25861	0.01321	56.3375	0.00847	55.25861	118.73429	56.3375	46.9718	55.25861	126.66926	56.3375	116.12494
55.42528	0.999	56.50417	0.80964	55.42528	232.35154	56.50417	82.67757	55.42528	65.93356	56.50417	36.56584	55.42528	0.01314	56.50417	0.00849	55.42528	118.63028	56.50417	47.89568	55.42528	126.7221	56.50417	116.11479
55.59194	1.00139	56.67083	0.81169	55.59194	230.74909	56.67083	82.16866	55.59194	66.33478	56.67083	37.03711	55.59194	0.01309	56.67083	0.00853	55.59194	118.56736	56.67083	48.90582	55.59194	126.7784	56.67083	116.1051
55.75861	1.00457	56.8375	0.81431	55.75861	229.08199	56.8375	81.66308	55.75861	66.77671	56.8375	37.52906	55.75861	0.01305	56.8375	0.00857	55.75861	118.55061	56.8375	50.00225	55.75861	126.83495	56.8375	116.09618
55.92528	1.00862	57.00417	0.81744	55.92528	227.35782	57.00417	81.16395	55.92528	67.25969	57.00417	38.04111	55.92528	0.01303	57.00417	0.00862	55.92528	118.58478	57.00417	51.18481	55.92528	126.89527	57.00417	116.08845
56.09194	1.01358	57.17083	0.82102	56.09194	225.58043	57.17083	80.67367	56.09194	67.78427	57.17083	38.57342	56.09194	0.01303	57.17083	0.00868	56.09194	118.67505	57.17083	52.4521	56.09194	126.95791	57.17083	116.0823
56.25861	1.01948	57.3375	0.82497	56.25861	223.7538	57.3375	80.19597	56.25861	68.34981	57.3375	39.12533	56.25861	0.01305	57.3375	0.00875	56.25861	118.82527	57.3375	53.80348	56.25861	127.02309	57.3375	116.07754
56.42528	1.02633	57.50417	0.82922	56.42528	221.88481	57.50417	79.73357	56.42528	68.95647	57.50417	39.69709	56.42528	0.01309	57.50417	0.00883	56.42528	119.03936	57.50417	55.23662	56.42528	127.09193	57.50417	116.07425
56.59194	1.03409	57.67083	0.83367	56.59194	219.97809	57.67083	79.29028	56.59194	69.60405	57.67083	40.28814	56.59194	0.01314	57.67083	0.00891	56.59194	119.32054	57.67083	56.74969	56.59194	127.16227	57.67083	116.07285
56.75861	1.04275	57.8375	0.83824	56.75861	218.03878	57.8375	78.86869	56.75861	70.29175	57.8375	40.89842	56.75861	0.01322	57.8375	0.009	56.75861	119.67235	57.8375	58.33939	56.75861	127.23544	57.8375	116.07386
56.92528	1.05224	58.00417	0.84283	56.92528	216.07362	58.00417	78.47214	56.92528	71.01913	58.00417	41.52757	56.92528	0.01331	58.00417	0.00909	56.92528	120.09753	58.00417	60.00216	56.92528	127.31239	58.00417	116.07633
57.09194	1.06248	58.17083	0.84737	57.09194	214.08765	58.17083	78.10424	57.09194	71.78552	58.17083	42.17571	57.09194	0.01342	58.17083	0.00918	57.09194	120.5981	58.17083	61.73391	57.09194	127.39114	58.17083	116.0813
57.25861	1.07338	58.3375	0.85179	57.25861	212.08762	58.3375	77.76793	57.25861	72.58975	58.3375	42.84211	57.25861	0.01354	58.3375	0.00927	57.25861	121.17565	58.3375	63.52977	57.25861	127.47408	58.3375	116.08876
57.42528	1.08484	58.50417	0.85602	57.42528	210.07959	58.50417	77.46617	57.42528	73.43115	58.50417	43.52707	57.42528	0.01367	58.50417	0.00936	57.42528	121.83243	58.50417	65.38425	57.42528	127.55912	58.50417	116.09851
57.59194	1.09672	58.67083	0.85999	57.59194	208.07038	58.67083	77.20121	57.59194	74.30855	58.67083	44.23013	57.59194	0.01382	58.67083	0.00945	57.59194	122.56777	58.67083	67.29102	57.59194	127.64856	58.67083	116.11043
57.75861	1.10893	58.8375	0.86365	57.75861	206.06607	58.8375	76.97544	57.75861	75.22053	58.8375	44.95095	57.75861	0.01397	58.8375	0.00953	57.75861	123.38301	58.8375	69.24364	57.75861	127.73969	58.8375	116.12494
57.92528	1.12133	59.00417	0.86697	57.92528	204.0743	59.00417	76.79124	57.92528	76.16632	59.00417	45.68951	57.92528	0.01414	59.00417	0.00961	57.92528	124.27703	59.00417	71.23478	57.92528	127.83437	59.00417	116.14224
58.09194	1.1338	59.17083	0.86991	58.09194	202.10225	59.17083	76.64969	58.09194	77.14426	59.17083	46.4453	58.09194	0.0143	59.17083	0.00969	58.09194	125.24858	59.17083	73.25661	58.09194	127.93105	59.17083	116.1614
58.25861	1.14622	59.3375	0.87245	58.25861	200.15573	59.3375	76.55207	58.25861	78.15295	59.3375	47.21826	58.25861	0.01447	59.3375	0.00975	58.25861	126.29534	59.3375	75.30108	58.25861	128.03087	59.3375	116.18323
58.42528	1.15846	59.50417	0.87457	58.42528	198.23989	59.50417	76.49898	58.42528	79.19147	59.50417	48.00753	58.42528	0.01464	59.50417	0.00982	58.42528	127.41522	59.50417	77.35914	58.42528	128.13424	59.50417	116.20743
58.59194	1.17044	59.67083	0.87626	58.59194	196.36348	59.67083	76.49078	58.59194	80.258	59.67083	48.81295	58.59194	0.0148	59.67083	0.00987	58.59194	128.60459	59.67083	79.42254	58.59194	128.24022	59.67083	116.2341
58.75861	1.18203	59.8375	0.87753	58.75861	194.53138	59.8375	76.52679	58.75861	81.351	59.8375	49.63374	58.75861	0.01497	59.8375	0.00992	58.75861	129.8591	59.8375	81.48169	58.75861	128.34902	59.8375	116.26323
58.92528	1.19315	60.00417	0.87836	58.92528	192.74889	60.00417	76.60699	58.92528	82.46893	60.00417	50.46945	58.92528	0.01512	60.00417	0.00996	58.92528	131.17415	60.00417	83.52789	58.92528	128.45898	60.00417	116.29441
59.09194	1.20373	60.17083	0.87878	59.09194	191.02083	60.17083	76.7297	59.09194	83.61078	60.17083	51.31947	59.09194	0.01527	60.17083	0.00999	59.09194	132.5432	60.17083	85.55154	59.09194	128.5732	60.17083	116.32775
59.10861	1.20475	60.3375	0.87879	59.10861	190.85108	60.3375	76.89354	59.10861	83.726	60.3375	52.18253	59.10861	0.01528	60.3375	0.01002	59.10861	132.68267	60.3375	87.54359	59.10861	128.58451	60.3375	116.36364
59.27528	3.41853	60.50417	0.8784	59.27528	240.97903	60.50417	77.09713	59.27528	89.03443	60.50417	53.05818	59.27528	0.18977	60.50417	0.01004	59.27528	147.12962	60.50417	89.49489	59.27528	158.88058	60.50417	116.40137
59.35861	600.61247	60.67083	0.87763	59.35861	250.59	60.67083	77.33775	59.35861	91.23411	60.67083	53.94476	59.35861	94.89109	60.67083	0.01005	59.35861	143.93153	60.67083	91.39722	59.35861	163.49476	60.67083	116.44124
59.52528	674.31581	60.8375	0.87649	59.52528	280.09873	60.8375	77.61314	59.52528	87.50775	60.8375	54.8411	59.52528	93.02819	60.8375	0.01005	59.52528	151.81834	60.8375	93.24156	59.52528	163.84023	60.8375	116.48294
59.69194	652.80538	61.00417	0.87502	59.69194	306.0407	61.00417	77.92102	59.69194	86.13991	61.00417	55.74623	59.69194	90.74331	61.00417	0.01005	59.69194	163.98008	61.00417	95.01997	59.69194	164.12985	61.00417	116.52657
59.85861	632.8993	61.17083	0.87321	59.85861	329.48413	61.17083	78.25848	59.85861	86.62999	61.17083	56.65825	59.85861	88.5219	61.17083	0.01004	59.85861	176.46601	61.17083	96.72514	59.85861	164.44267	61.17083	116.57193
60.02528	614.2961	61.3375	0.87109	60.02528	350.84101	61.3375	78.62281	60.02528	88.46971	61.3375	57.57534	60.02528	86.3636	61.3375	0.01002	60.02528	188.69061	61.3375	98.34945	60.02528	164.77924	61.3375	116.61954
60.19194	596.79749	61.50417	0.86869	60.19194	370.40439	61.50417	79.0109	60.19194	91.3173	61.50417	58.49613	60.19194	84.26994	61.50417	0.01	60.19194	200.54798	61.50417	99.88616	60.19194	165.14053	61.50417	116.66834
60.35861	580.2584	61.67083	0.86602	60.35861	388.38038	61.67083	79.42025	60.35861	94.92594	61.67083	59.41846	60.35861	82.24083	61.67083	0.00997	60.35861	211.99392	61.67083	101.32981	60.35861	165.52736	61.67083	116.71856
60.52528	564.58827	61.8375	0.86309	60.52528	404.92319	61.8375	79.84774	60.52528	99.10568	61.8375	60.33991	60.52528	80.27707	61.8375	0.00993	60.52528	223.00091	61.8375	102.67516	60.52528	165.93773	61.8375	116.77081
60.64194	554.10019	62.00417	0.85993	60.64194	415.72047	62.00417	80.29058	60.64194	102.28913	62.00417	61.25878	60.64194	78.94009	62.00417	0.00989	60.64194	230.42984	62.00417	103.91665	60.64194	166.23749	62.00417	116.82416
60.80861	114.23986	62.17083	0.85655	60.80861	367.4401	62.17083	80.74668	60.80861	103.4589	62.17083	62.17235	60.80861	0.03257	62.17083	0.00985	60.80861	244.91939	62.17083	105.05072	60.80861	149.58738	62.17083	116.8786
60.89194	41.77255	62.3375	0.85297	60.89194	334.10082	62.3375	81.21334	60.89194	103.64754	62.3375	63.07839	60.89194	0.01435	62.3375	0.0098	60.89194	239.82425	62.3375	106.07358	60.89194	139.57196	62.3375	116.93446
61.05861	6.28697	62.50417	0.8492	61.05861	327.25971	62.50417	81.68828	61.05861	104.65515	62.50417	63.97391	61.05861	0.01431	62.50417	0.00974	61.05861	240.50915	62.50417	106.98241	61.05861	137.09957	62.50417	116.99182
61.22528	1.75267	62.67083	0.84527	61.22528	322.20736	62.67083	82.16929	61.22528	105.64855	62.67083	64.85708	61.22528	0.01439	62.67083	0.00968	61.22528	242.07222	62.67083	107.77484	61.22528	135.72633	62.67083	117.04956
61.39194	1.17684	62.8375	0.84118	61.39194	317.78664	62.8375	82.65483	61.39194	106.67944	62.8375	65.72468	61.39194	0.01448	62.8375	0.00962	61.39194	243.23334	62.8375	108.44963	61.39194	134.85931	62.8375	117.1085
61.55861	1.10749	63.00417	0.83695	61.55861	313.847	63.00417	83.14276	61.55861	107.76904	63.00417	66.5741	61.55861	0.01457	63.00417	0.00956	61.55861	244.11869	63.00417	109.00527	61.55861	134.32342	63.00417	117.16822
61.72528	1.1036	63.17083	0.83259	61.72528	310.28606	63.17083	83.63251	61.72528	108.91865	63.17083	67.40289	61.72528	0.01468	63.17083	0.00949	61.72528	244.80169	63.17083	109.44153	61.72528	134.01489	63.17083	117.22873
61.89194	1.10856	63.3375	0.82812	61.89194	307.03164	63.3375	84.12255	61.89194	110.11597	63.3375	68.20793	61.89194	0.01478	63.3375	0.00942	61.89194	245.3243	63.3375	109.75793	61.89194	133.85994	63.3375	117.29003
62.05861	1.11481	63.50417	0.82356	62.05861	304.02611	63.50417	84.61232	62.05861	111.34389	63.50417	68.98692	62.05861	0.01487	63.50417	0.00934	62.05861	245.70947	63.50417	109.95548	62.05861	133.8086	63.50417	117.3515
62.22528	1.12108	63.67083	0.81892	62.22528	301.22937	63.67083	85.10127	62.22528	112.58619	63.67083	69.73724	62.22528	0.01496	63.67083	0.00927	62.22528	245.97421	63.67083	110.03482	62.22528	133.82908	63.67083	117.41365
62.39194	1.127	63.8375	0.81421	62.39194	298.61254	63.8375	85.58951	62.39194	113.82838	63.8375	70.45591	62.39194	0.01502	63.8375	0.00919	62.39194	246.12623	63.8375	109.99803	62.39194	133.8953	63.8375	117.47576
62.55861	1.13235	64.00417	0.80946	62.55861	296.15473	64.00417	86.0772	62.55861	115.05884	64.00417	71.14085	62.55861	0.01508	64.00417	0.00911	62.55861	246.17378	64.00417	109.84622	62.55861	133.99376	64.00417	117.53826
62.72528	1.13701	64.17083	0.80468	62.72528	293.84257	64.17083	86.56467	62.72528	116.26862	64.17083	71.78947	62.72528	0.01512	64.17083	0.00902	62.72528	246.11927	64.17083	109.58201	62.72528	134.11027	64.17083	117.60061
62.89194	1.1409	64.3375	0.79989	62.89194	291.66255	64.3375	87.05374	62.89194	117.44773	64.3375	72.39916	62.89194	0.01514	64.3375	0.00894	62.89194	245.96851	64.3375	109.20875	62.89194	134.23899	64.3375	117.66252
63.05861	1.14399	64.50417	0.79513	63.05861	289.6093	64.50417	87.5451	63.05861	118.5919	64.50417	72.96822	63.05861	0.01514	64.50417	0.00886	63.05861	245.72124	64.50417	108.72912	63.05861	134.37411	64.50417	117.72451
63.22528	1.14628	64.67083	0.79041	63.22528	287.67422	64.67083	88.04132	63.22528	119.69568	64.67083	73.49387	63.22528	0.01513	64.67083	0.00877	63.22528	245.38211	64.67083	108.14683	63.22528	134.51384	64.67083	117.78576
63.39194	1.14778	64.8375	0.78576	63.39194	285.85696	64.8375	88.54523	63.39194	120.75352	64.8375	73.97427	63.39194	0.0151	64.8375	0.00869	63.39194	244.95243	64.8375	107.46605	63.39194	134.65459	64.8375	117.84615
63.55861	1.14852	65.00417	0.78124	63.55861	284.14964	65.00417	89.05915	63.55861	121.76329	65.00417	74.40723	63.55861	0.01506	65.00417	0.0086	63.55861	244.43452	65.00417	106.69128	63.55861	134.79421	65.00417	117.90582
63.72528	1.14854	65.17083	0.77687	63.72528	282.55327	65.17083	89.58794	63.72528	122.72058	65.17083	74.79053	63.72528	0.015	65.17083	0.00852	63.72528	243.83186	65.17083	105.82767	63.72528	134.93138	65.17083	117.96414
63.89194	1.1479	65.3375	0.77271	63.89194	281.0629	65.3375	90.13636	63.89194	123.62273	65.3375	75.12155	63.89194	0.01494	65.3375	0.00844	63.89194	243.14333	65.3375	104.88098	63.89194	135.06622	65.3375	118.02122
64.05861	1.14664	65.50417	0.76881	64.05861	279.67953	65.50417	90.71092	64.05861	124.4672	65.50417	75.39733	64.05861	0.01486	65.50417	0.00836	64.05861	242.37398	65.50417	103.8572	64.05861	135.19863	65.50417	118.07616
64.22528	1.14484	65.67083	0.76525	64.22528	278.40097	65.67083	91.31845	64.22528	125.25184	65.67083	75.61461	64.22528	0.01477	65.67083	0.00829	64.22528	241.5259	65.67083	102.76325	64.22528	135.32654	65.67083	118.12906
64.39194	1.14254	65.8375	0.76211	64.39194	277.22676	65.8375	91.9689	64.39194	125.97406	65.8375	75.76874	64.39194	0.01468	65.8375	0.00822	64.39194	240.60173	65.8375	101.60741	64.39194	135.45132	65.8375	118.17934
64.55861	1.13983	66.00417	0.75947	64.55861	276.15671	66.00417	92.67329	64.55861	126.63426	66.00417	75.85321	64.55861	0.01457	66.00417	0.00816	64.55861	239.60459	66.00417	100.39691	64.55861	135.57057	66.00417	118.22577
64.72528	1.13678	66.17083	0.75746	64.72528	275.19221	66.17083	93.44655	64.72528	127.22821	66.17083	75.85904	64.72528	0.01447	66.17083	0.00811	64.72528	238.5399	66.17083	99.14255	64.72528	135.68648	66.17083	118.26759
64.89194	1.13348	66.3375	0.75619	64.89194	274.33594	66.3375	94.30327	64.89194	127.75629	66.3375	75.77267	64.89194	0.01435	66.3375	0.00807	64.89194	237.41061	66.3375	97.85318	64.89194	135.79782	66.3375	118.3033
65.05861	1.13	66.50417	0.75581	65.05861	273.5889	66.50417	95.25718	65.05861	128.21708	66.50417	75.57372	65.05861	0.01424	66.50417	0.00805	65.05861	236.2215	66.50417	96.5387	65.05861	135.90489	66.50417	118.33011
65.22528	1.12646	66.67083	0.75649	65.22528	272.95709	66.67083	96.30109	65.22528	128.60836	66.67083	75.23034	65.22528	0.01412	66.67083	0.00804	65.22528	234.97721	66.67083	95.20345	65.22528	136.00718	66.67083	118.34324
65.39194	1.12297	66.8375	0.75836	65.39194	272.44503	66.8375	97.34386	65.39194	128.92935	66.8375	74.6927	65.39194	0.014	66.8375	0.00806	65.39194	233.68516	66.8375	93.83288	65.39194	136.10491	66.8375	118.33603
65.55861	1.11962	67.00417	0.76144	65.55861	272.06008	67.00417	98.12801	65.55861	129.17751	67.00417	73.8917	65.55861	0.01389	67.00417	0.00809	65.55861	232.34867	67.00417	92.37855	65.55861	136.19933	67.00417	118.30328
65.72528	1.11656	67.17083	0.76557	65.72528	271.81101	67.17083	98.70232	65.72528	129.3501	67.17083	72.8237	65.72528	0.01378	67.17083	0.00814	65.72528	230.97628	67.17083	90.87544	65.72528	136.28921	67.17083	118.26121
65.89194	1.11393	67.3375	0.77046	65.89194	271.71136	67.3375	99.43034	65.89194	129.44365	67.3375	71.71002	65.89194	0.01368	67.3375	0.00819	65.89194	229.57605	67.3375	89.46714	65.89194	136.37592	67.3375	118.25438
66.05861	1.1119	67.50417	0.77577	66.05861	271.778	67.50417	100.15593	66.05861	129.4516	67.50417	70.67562	66.05861	0.0136	67.50417	0.00825	66.05861	228.15505	67.50417	88.13251	66.05861	136.45843	67.50417	118.29386
66.22528	1.11066	67.67083	0.78135	66.22528	272.02642	67.67083	100.76812	66.22528	129.36249	67.67083	69.71789	66.22528	0.01352	67.67083	0.00831	66.22528	226.72262	67.67083	86.83751	66.22528	136.53937	67.67083	118.36444
66.39194	1.1104	67.8375	0.78711	66.39194	272.48382	67.8375	101.25328	66.39194	129.16176	67.8375	68.83041	66.39194	0.01347	67.8375	0.00838	66.39194	225.28754	67.8375	85.57324	66.39194	136.6188	67.8375	118.45439
66.55861	1.11134	68.00417	0.79301	66.55861	273.16314	68.00417	101.63233	66.55861	128.82647	68.00417	68.00867	66.55861	0.01344	68.00417	0.00844	66.55861	223.85433	68.00417	84.34155	66.55861	136.69637	68.00417	118.55647
66.72528	1.11368	68.17083	0.79901	66.72528	274.04087	68.17083	101.93079	66.72528	128.31977	68.17083	67.24824	66.72528	0.01344	68.17083	0.00851	66.72528	222.41316	68.17083	83.14539	66.72528	136.777	68.17083	118.66506
66.89194	1.11748	68.3375	0.80507	66.89194	274.9133	68.3375	102.16915	66.89194	127.59286	68.3375	66.54661	66.89194	0.01348	68.3375	0.00858	66.89194	220.90595	68.3375	81.9872	66.89194	136.86097	68.3375	118.7769
67.05861	1.12251	68.50417	0.8112	67.05861	275.27194	68.50417	102.36738	67.05861	126.60732	68.50417	65.9004	67.05861	0.01354	68.50417	0.00864	67.05861	219.20196	68.50417	80.86894	67.05861	136.95189	68.50417	118.8905
67.22528	1.12857	68.67083	0.81736	67.22528	275.38138	68.67083	102.5363	67.22528	125.43899	68.67083	65.30734	67.22528	0.01362	68.67083	0.00871	67.22528	217.40634	68.67083	79.79174	67.22528	137.05696	68.67083	119.00307
67.39194	1.13542	68.8375	0.82355	67.39194	275.72163	68.8375	102.68588	67.39194	124.26588	68.8375	64.76499	67.39194	0.01369	68.8375	0.00879	67.39194	215.70403	68.8375	78.75509	67.39194	137.17261	68.8375	119.11422
67.55861	1.14251	69.00417	0.82977	67.55861	276.08574	69.00417	102.82242	67.55861	123.12413	69.00417	64.27134	67.55861	0.01378	69.00417	0.00886	67.55861	214.04306	69.00417	77.75896	67.55861	137.2975	69.00417	119.22325
67.72528	1.14967	69.17083	0.83601	67.72528	276.34077	69.17083	102.95134	67.72528	122.01244	69.17083	63.82368	67.72528	0.01386	69.17083	0.00893	67.72528	212.38718	69.17083	76.80235	67.72528	137.42632	69.17083	119.32934
67.89194	1.15685	69.3375	0.84227	67.89194	276.45155	69.3375	103.07439	67.89194	120.93062	69.3375	63.4203	67.89194	0.01394	69.3375	0.009	67.89194	210.72382	69.3375	75.88421	67.89194	137.55726	69.3375	119.43302
68.05861	1.16406	69.50417	0.84855	68.05861	276.42125	69.50417	103.19335	68.05861	119.87872	69.50417	63.05935	68.05861	0.01403	69.50417	0.00907	68.05861	209.05526	69.50417	75.00317	68.05861	137.68965	69.50417	119.53376
68.22528	1.1713	69.67083	0.85485	68.22528	276.27089	69.67083	103.31092	68.22528	118.85637	69.67083	62.73849	68.22528	0.01412	69.67083	0.00914	68.22528	207.38365	69.67083	74.15797	68.22528	137.82122	69.67083	119.63158
68.39194	1.17858	69.8375	0.86117	68.39194	276.02432	69.8375	103.42706	68.39194	117.8639	69.8375	62.45586	68.39194	0.0142	69.8375	0.00922	68.39194	205.7153	69.8375	73.34729	68.39194	137.9522	69.8375	119.7271
68.55861	1.1859	70.00417	0.86751	68.55861	275.69998	70.00417	103.5436	68.55861	116.89922	70.00417	62.20945	68.55861	0.01429	70.00417	0.00929	68.55861	204.05511	70.00417	72.56929	68.55861	138.08281	70.00417	119.81919
68.72528	1.19327	70.17083	0.87386	68.72528	275.31934	70.17083	103.65954	68.72528	115.96546	70.17083	61.9976	68.72528	0.01438	70.17083	0.00937	68.72528	202.40656	70.17083	71.82333	68.72528	138.2115	70.17083	119.9095
68.89194	1.20069	70.3375	0.88024	68.89194	274.89253	70.3375	103.77489	68.89194	115.05952	70.3375	61.81873	68.89194	0.01447	70.3375	0.00944	68.89194	200.77168	70.3375	71.10755	68.89194	138.33921	70.3375	119.99721
69.05861	1.20816	70.50417	0.88664	69.05861	274.43354	70.50417	103.89236	69.05861	114.18206	70.50417	61.67079	69.05861	0.01457	70.50417	0.00951	69.05861	199.15539	70.50417	70.42081	69.05861	138.46471	70.50417	120.08231
69.22528	1.21568	70.67083	0.89306	69.22528	273.95096	70.67083	104.01015	69.22528	113.33293	70.67083	61.55238	69.22528	0.01466	70.67083	0.00959	69.22528	197.55769	70.67083	69.76224	69.22528	138.58934	70.67083	120.16544
69.39194	1.22326	70.8375	0.89951	69.39194	273.45124	70.8375	104.12916	69.39194	112.51158	70.8375	61.46162	69.39194	0.01475	70.8375	0.00966	69.39194	195.97907	70.8375	69.13006	69.39194	138.71394	70.8375	120.2468
69.55861	1.23089	71.00417	0.90597	69.55861	272.93988	71.00417	104.2484	69.55861	111.71765	71.00417	61.39712	69.55861	0.01484	71.00417	0.00974	69.55861	194.42202	71.00417	68.52391	69.55861	138.83633	71.00417	120.32607
69.72528	1.23857	71.17083	0.91246	69.72528	272.42069	71.17083	104.36973	69.72528	110.95027	71.17083	61.35764	69.72528	0.01494	71.17083	0.00982	69.72528	192.88493	71.17083	67.94206	69.72528	138.95828	71.17083	120.40316
69.89194	1.24631	71.3375	0.91898	69.89194	271.89549	71.3375	104.49135	69.89194	110.20951	71.3375	61.34145	69.89194	0.01503	71.3375	0.00989	69.89194	191.37035	71.3375	67.3838	69.89194	139.07741	71.3375	120.479
70.05861	1.2541	71.50417	0.92552	70.05861	271.36881	71.50417	104.61414	70.05861	109.49516	71.50417	61.34714	70.05861	0.01513	71.50417	0.00997	70.05861	189.87651	71.50417	66.84808	70.05861	139.19671	71.50417	120.55306
70.22528	1.26195	71.67083	0.93209	70.22528	270.84065	71.67083	104.73804	70.22528	108.80615	71.67083	61.37382	70.22528	0.01523	71.67083	0.01005	70.22528	188.40365	71.67083	66.33364	70.22528	139.31413	71.67083	120.62588
70.39194	1.26986	71.8375	0.93868	70.39194	270.31284	71.8375	104.86311	70.39194	108.14231	71.8375	61.4199	70.39194	0.01532	71.8375	0.01012	70.39194	186.95206	71.8375	65.84017	70.39194	139.43142	71.8375	120.69735
70.55861	1.27782	72.00417	0.9453	70.55861	269.78714	72.00417	104.98934	70.55861	107.50384	72.00417	61.48451	70.55861	0.01542	72.00417	0.0102	70.55861	185.52036	72.00417	65.36662	70.55861	139.54735	72.00417	120.76725
70.72528	1.28583	72.17083	0.95195	70.72528	269.26355	72.17083	105.1167	70.72528	106.88935	72.17083	61.56628	70.72528	0.01552	72.17083	0.01028	70.72528	184.10972	72.17083	64.91214	70.72528	139.66201	72.17083	120.83621
70.89194	1.2939	72.3375	0.95863	70.89194	268.74207	72.3375	105.24514	70.89194	106.29911	72.3375	61.66435	70.89194	0.01562	72.3375	0.01036	70.89194	182.72012	72.3375	64.47581	70.89194	139.7752	72.3375	120.90362
70.90861	1.29471	72.50417	0.96533	70.90861	268.69076	72.50417	105.37475	70.90861	106.24139	72.50417	61.77748	70.90861	0.01563	72.50417	0.01044	70.90861	182.58191	72.50417	64.05705	70.90861	139.78661	72.50417	120.97039
71.07528	3.70021	72.67083	0.97205	71.07528	331.25721	72.67083	105.50456	71.07528	98.87841	72.67083	61.90484	71.07528	0.19412	72.67083	0.01052	71.07528	195.46079	72.67083	63.6553	71.07528	168.84774	72.67083	121.03592
71.15861	573.22665	72.8375	0.97881	71.15861	342.29211	72.8375	105.63642	71.15861	97.79614	72.8375	62.04567	71.15861	85.55332	72.8375	0.0106	71.15861	186.3031	72.8375	63.26961	71.15861	173.34436	72.8375	121.10061
71.32528	662.92447	73.00417	0.98559	71.32528	349.04726	73.00417	105.7684	71.32528	95.3311	73.00417	62.19883	71.32528	86.37512	73.00417	0.01068	71.32528	182.48055	73.00417	62.89973	71.32528	173.39622	73.00417	121.16427
71.49194	656.53736	73.17083	0.9924	71.49194	359.12444	73.17083	105.90247	71.49194	93.85441	73.17083	62.36365	71.49194	86.76278	73.17083	0.01076	71.49194	182.84545	73.17083	62.54462	71.49194	173.42116	73.17083	121.22698
71.65861	650.8405	73.3375	0.99924	71.65861	368.53316	73.3375	106.03757	71.65861	92.77772	73.3375	62.53952	71.65861	87.1561	73.3375	0.01084	71.65861	183.2309	73.3375	62.20372	71.65861	173.44265	73.3375	121.28876
71.82528	645.47923	73.50417	1.00611	71.82528	377.58755	73.50417	106.17288	71.82528	91.89025	73.50417	62.72558	71.82528	87.54889	73.50417	0.01092	71.82528	183.53827	73.50417	61.87678	71.82528	173.46554	73.50417	121.35001
71.99194	640.27456	73.67083	1.013	71.99194	386.44372	73.67083	106.30924	71.99194	91.12726	73.67083	62.92099	71.99194	87.93979	73.67083	0.011	71.99194	183.80591	73.67083	61.56308	71.99194	173.48735	73.67083	121.41033
72.15861	635.17307	73.8375	1.01992	72.15861	395.15949	73.8375	106.44671	72.15861	90.44419	73.8375	63.12515	72.15861	88.32744	73.8375	0.01108	72.15861	184.05398	73.8375	61.2622	72.15861	173.50898	73.8375	121.47003
72.32528	630.15006	74.00417	1.02686	72.32528	403.75229	74.00417	106.58431	72.32528	89.81226	74.00417	63.33782	72.32528	88.71249	74.00417	0.01116	72.32528	184.29491	74.00417	60.97386	72.32528	173.53016	74.00417	121.52888
72.49194	625.20177	74.17083	1.03384	72.49194	412.22578	74.17083	106.72392	72.49194	89.21554	74.17083	63.55805	72.49194	89.09375	74.17083	0.01125	72.49194	184.53206	74.17083	60.69709	72.49194	173.55142	74.17083	121.58753
72.65861	620.32762	74.3375	1.04084	72.65861	420.5855	74.3375	106.86364	72.65861	88.6451	74.3375	63.78545	72.65861	89.4724	74.3375	0.01133	72.65861	184.76826	74.3375	60.43188	72.65861	173.57296	74.3375	121.64504
72.82528	615.52667	74.50417	1.04787	72.82528	428.83509	74.50417	107.00445	72.82528	88.09686	74.50417	64.01932	72.82528	89.84853	74.50417	0.01141	72.82528	185.00492	74.50417	60.17754	72.82528	173.59488	74.50417	121.70202
72.84194	615.04729	74.67083	1.05491	72.84194	429.65252	74.67083	107.14535	72.84194	88.04322	74.67083	64.25935	72.84194	89.88625	74.67083	0.01149	72.84194	185.02787	74.67083	59.93362	72.84194	173.59741	74.67083	121.7588
73.00861	128.45686	74.8375	1.062	73.00861	380.23814	74.8375	107.28828	73.00861	89.69179	74.8375	64.50515	73.00861	0.04199	74.8375	0.01158	73.00861	190.50802	74.8375	59.70018	73.00861	156.94712	74.8375	121.81443
73.09194	47.45972	75.00417	1.0691	73.09194	349.20239	75.00417	107.4313	73.09194	97.18632	75.00417	64.75592	73.09194	0.01843	75.00417	0.01166	73.09194	185.20491	75.00417	59.47647	73.09194	147.02685	75.00417	121.87016
73.25861	7.2699	75.17083	1.07623	73.25861	345.5909	75.17083	107.57536	73.25861	94.58296	75.17083	65.0116	73.25861	0.01816	75.17083	0.01175	73.25861	184.0499	75.17083	59.26227	73.25861	144.89904	75.17083	121.92485
73.42528	2.08821	75.3375	1.08339	73.42528	343.44059	75.3375	107.71954	73.42528	90.15082	75.3375	65.27212	73.42528	0.01806	75.3375	0.01183	73.42528	183.90503	75.3375	59.05723	73.42528	143.72508	75.3375	121.97965
73.59194	1.41865	75.50417	1.09057	73.59194	341.72777	75.50417	107.86477	73.59194	86.44313	75.50417	65.53645	73.59194	0.018	75.50417	0.01191	73.59194	183.72252	75.50417	58.86101	73.59194	142.97643	75.50417	122.03371
73.75861	1.33165	75.67083	1.09778	73.75861	340.33022	75.67083	108.011	73.75861	83.45219	75.67083	65.80438	73.75861	0.01799	75.67083	0.012	73.75861	183.53073	75.67083	58.67326	73.75861	142.5103	75.67083	122.08715
73.92528	1.3219	75.8375	1.10501	73.92528	339.16178	75.8375	108.15827	73.92528	81.0899	75.8375	66.07606	73.92528	0.01801	75.8375	0.01208	73.92528	183.33899	75.8375	58.49358	73.92528	142.23195	75.8375	122.14028
74.09194	1.32395	76.00417	1.11227	74.09194	338.15555	76.00417	108.30567	74.09194	79.24794	76.00417	66.35081	74.09194	0.01806	76.00417	0.01217	74.09194	183.14962	76.00417	58.32196	74.09194	142.08089	76.00417	122.19258
74.25861	1.3289	76.17083	1.11955	74.25861	337.26386	76.17083	108.45314	74.25861	77.82422	76.17083	66.62864	74.25861	0.01813	76.17083	0.01225	74.25861	182.96274	76.17083	58.15781	74.25861	142.01176	76.17083	122.24487
74.42528	1.33523	76.3375	1.12686	74.42528	336.44861	76.3375	108.60257	74.42528	76.73519	76.3375	66.9088	74.42528	0.01821	76.3375	0.01234	74.42528	182.77378	76.3375	58.00116	74.42528	141.99838	76.3375	122.29685
74.59194	1.34243	76.50417	1.13419	74.59194	335.68964	76.50417	108.75118	74.59194	75.91452	76.50417	67.19131	74.59194	0.0183	76.50417	0.01243	74.59194	182.5823	76.50417	57.85161	74.59194	142.02112	76.50417	122.3481
74.75861	1.35024	76.67083	1.14155	74.75861	334.96921	76.67083	108.9017	74.75861	75.31151	76.67083	67.4764	74.75861	0.0184	76.67083	0.01251	74.75861	182.38539	76.67083	57.70894	74.75861	142.06725	76.67083	122.39894
74.92528	1.35847	76.8375	1.14892	74.92528	334.27541	76.8375	109.05234	74.92528	74.88714	76.8375	67.76303	74.92528	0.0185	76.8375	0.0126	74.92528	182.18372	76.8375	57.5732	74.92528	142.12762	76.8375	122.44967
75.09194	1.36701	77.00417	1.15633	75.09194	333.60134	77.00417	109.20339	75.09194	74.61089	77.00417	68.05105	75.09194	0.01861	77.00417	0.01269	75.09194	181.97546	77.00417	57.44403	75.09194	142.1976	77.00417	122.50008
75.25861	1.37577	77.17083	1.16386	75.25861	332.94364	77.17083	109.36133	75.25861	74.45948	77.17083	68.09036	75.25861	0.01872	77.17083	0.01277	75.25861	181.76042	77.17083	57.33627	75.25861	142.2725	77.17083	122.55969
75.42528	1.38469	77.3375	1.17066	75.42528	332.2984	77.3375	109.49865	75.42528	74.41307	77.3375	65.92718	75.42528	0.01883	77.3375	0.01283	75.42528	181.53782	77.3375	57.24485	75.42528	142.353	77.3375	122.6328
75.59194	1.39375	77.50417	1.1757	75.59194	331.66269	77.50417	109.57427	75.59194	74.45638	77.50417	59.9094	75.59194	0.01894	77.50417	0.01286	75.59194	181.30805	77.50417	57.15404	75.59194	142.43448	77.50417	122.70732
75.75861	1.40292	77.67083	1.17867	75.75861	331.03828	77.67083	109.57386	75.75861	74.57684	77.67083	52.80419	75.75861	0.01906	77.67083	0.01286	75.75861	181.07123	77.67083	57.06848	75.75861	142.5185	77.67083	122.77601
75.92528	1.41218	77.8375	1.17964	75.92528	330.42113	77.8375	109.49714	75.92528	74.7637	77.8375	48.29744	75.92528	0.01917	77.8375	0.01282	75.92528	180.82701	77.8375	56.99315	75.92528	142.60187	77.8375	122.835
76.09194	1.42153	78.00417	1.17892	76.09194	329.81133	78.00417	109.35045	76.09194	75.0077	78.00417	46.68334	76.09194	0.01929	78.00417	0.01277	76.09194	180.57483	78.00417	56.93514	76.09194	142.68677	78.00417	122.88449
76.25861	1.43095	78.17083	1.17683	76.25861	329.20843	78.17083	109.14141	76.25861	75.30066	78.17083	46.44937	76.25861	0.0194	78.17083	0.01269	76.25861	180.31662	78.17083	56.90476	76.25861	142.77021	78.17083	122.92659
76.42528	1.44043	78.3375	1.17367	76.42528	328.61308	78.3375	108.87831	76.42528	75.63624	78.3375	46.61036	76.42528	0.01952	78.3375	0.0126	76.42528	180.05142	78.3375	56.91492	76.42528	142.85488	78.3375	122.96234
76.59194	1.44997	78.50417	1.16975	76.59194	328.02472	78.50417	108.56828	76.59194	76.00855	78.50417	46.87168	76.59194	0.01964	78.50417	0.0125	76.59194	179.77861	78.50417	56.97769	76.59194	142.93944	78.50417	122.99222
76.75861	1.45958	78.67083	1.16532	76.75861	327.44263	78.67083	108.2185	76.75861	76.41238	78.67083	47.17799	76.75861	0.01976	78.67083	0.0124	76.75861	179.49972	78.67083	57.10426	76.75861	143.02234	78.67083	123.01788
76.92528	1.46923	78.8375	1.16062	76.92528	326.8656	78.8375	107.8334	76.92528	76.84403	78.8375	47.52066	76.92528	0.01988	78.8375	0.0123	76.92528	179.21408	78.8375	57.30358	76.92528	143.10585	78.8375	123.03959
77.09194	1.4791	79.00417	1.15585	77.09194	326.32013	79.00417	107.41826	77.09194	77.30455	79.00417	47.89801	77.09194	0.01999	79.00417	0.0122	77.09194	178.93413	79.00417	57.58309	77.09194	143.18952	79.00417	123.05869
77.25861	1.48912	79.17083	1.1512	77.25861	325.87073	79.17083	106.97723	77.25861	78.84513	79.17083	48.30985	77.25861	0.0201	79.17083	0.01211	77.25861	178.70504	79.17083	57.94877	77.25861	143.26607	79.17083	123.07538
77.42528	1.4979	79.3375	1.14686	77.42528	325.45597	79.3375	106.51355	77.42528	83.77976	79.3375	48.75536	77.42528	0.02015	79.3375	0.01202	77.42528	178.50157	79.3375	58.40512	77.42528	143.3346	79.3375	123.09008
77.59194	1.50427	79.50417	1.14294	77.59194	324.98713	79.50417	106.0295	77.59194	87.34952	79.50417	49.23524	77.59194	0.02016	79.50417	0.01195	77.59194	178.27744	79.50417	58.95637	77.59194	143.39864	79.50417	123.1037
77.75861	1.50814	79.67083	1.13958	77.75861	324.40637	79.67083	105.53096	77.75861	85.99234	79.67083	49.74856	77.75861	0.02012	79.67083	0.01189	77.75861	178.01946	79.67083	59.60524	77.75861	143.45718	79.67083	123.11666
77.92528	1.50998	79.8375	1.13687	77.92528	323.69209	79.8375	105.01643	77.92528	84.14236	79.8375	50.29561	77.92528	0.02005	79.8375	0.01184	77.92528	177.72358	79.8375	60.35416	77.92528	143.51452	79.8375	123.12875
78.09194	1.51031	80.00417	1.13488	78.09194	322.83913	80.00417	104.49173	78.09194	83.52815	80.00417	50.87659	78.09194	0.01995	80.00417	0.01181	78.09194	177.39393	80.00417	61.2048	78.09194	143.56947	80.00417	123.1408
78.25861	1.50953	80.17083	1.13366	78.25861	321.85107	80.17083	103.95907	78.25861	83.52472	80.17083	51.49105	78.25861	0.01982	80.17083	0.01179	78.25861	177.03931	80.17083	62.15847	78.25861	143.62597	80.17083	123.153
78.42528	1.508	80.3375	1.13322	78.42528	320.73648	80.3375	103.41956	78.42528	83.70374	80.3375	52.13862	78.42528	0.01968	80.3375	0.01179	78.42528	176.6691	80.3375	63.216	78.42528	143.68401	80.3375	123.16526
78.59194	1.50606	80.50417	1.13358	78.59194	319.50477	80.50417	102.87735	78.59194	83.95848	80.50417	52.81947	78.59194	0.01954	80.50417	0.0118	78.59194	176.29447	80.50417	64.377	78.59194	143.74449	80.50417	123.17777
78.75861	1.50401	80.67083	1.1347	78.75861	318.16467	80.67083	102.3336	78.75861	84.27186	80.67083	53.53323	78.75861	0.01939	80.67083	0.01183	78.75861	175.92631	80.67083	65.64136	78.75861	143.80866	80.67083	123.19106
78.92528	1.50209	80.8375	1.13656	78.92528	316.72281	80.8375	101.79421	78.92528	84.64363	80.8375	54.2792	78.92528	0.01925	80.8375	0.01187	78.92528	175.57375	80.8375	67.00794	78.92528	143.87577	80.8375	123.20522
79.09194	1.50053	81.00417	1.13908	79.09194	315.18419	81.00417	101.25948	79.09194	85.07449	81.00417	55.05772	79.09194	0.01911	81.00417	0.01193	79.09194	175.24598	81.00417	68.47558	79.09194	143.94572	81.00417	123.22056
79.25861	1.49955	81.17083	1.14219	79.25861	313.55744	81.17083	100.73348	79.25861	85.5656	81.17083	55.86792	79.25861	0.01899	81.17083	0.012	79.25861	174.95022	81.17083	70.04205	79.25861	144.021	81.17083	123.23719
79.42528	1.49931	81.3375	1.14582	79.42528	311.84617	81.3375	100.22123	79.42528	86.11804	81.3375	56.70969	79.42528	0.01889	81.3375	0.01208	79.42528	174.69324	81.3375	71.70463	79.42528	144.1012	81.3375	123.25447
79.59194	1.49999	81.50417	1.14984	79.59194	310.05544	81.50417	99.72396	79.59194	86.73297	81.50417	57.58241	79.59194	0.0188	81.50417	0.01216	79.59194	174.48167	81.50417	73.46015	79.59194	144.18674	81.50417	123.27344
79.75861	1.50169	81.67083	1.15419	79.75861	308.19262	81.67083	99.24669	79.75861	87.41092	81.67083	58.48524	79.75861	0.01874	81.67083	0.01226	79.75861	174.32134	81.67083	75.30448	79.75861	144.27635	81.67083	123.29399
79.92528	1.50451	81.8375	1.15873	79.92528	306.25992	81.8375	98.79255	79.92528	88.15265	81.8375	59.41849	79.92528	0.0187	81.8375	0.01236	79.92528	174.21743	81.8375	77.23303	79.92528	144.37287	81.8375	123.31644
80.09194	1.50851	82.00417	1.16338	80.09194	304.2648	82.00417	98.36522	80.09194	88.95802	82.00417	60.38066	80.09194	0.01868	82.00417	0.01247	80.09194	174.17433	82.00417	79.2406	80.09194	144.47367	82.00417	123.34025
80.25861	1.51373	82.17083	1.16804	80.25861	302.21122	82.17083	97.96907	80.25861	89.82744	82.17083	61.37205	80.25861	0.01869	82.17083	0.01258	80.25861	174.19604	82.17083	81.32089	80.25861	144.58043	82.17083	123.36564
80.42528	1.52019	82.3375	1.17261	80.42528	300.1059	82.3375	97.60642	80.42528	90.76003	82.3375	62.39166	80.42528	0.01872	82.3375	0.01269	80.42528	174.28615	82.3375	83.46778	80.42528	144.69222	82.3375	123.3929
80.59194	1.52786	82.50417	1.17702	80.59194	297.95281	82.50417	97.28158	80.59194	91.7559	82.50417	63.4392	80.59194	0.01878	82.50417	0.01279	80.59194	174.44797	82.50417	85.67338	80.59194	144.81006	82.50417	123.42214
80.75861	1.53671	82.67083	1.18117	80.75861	295.75885	82.67083	96.9967	80.75861	92.81417	82.67083	64.51347	80.75861	0.01886	82.67083	0.0129	80.75861	174.6842	82.67083	87.92973	80.75861	144.93418	82.67083	123.45315
80.92528	1.54666	82.8375	1.18501	80.92528	293.52974	82.8375	96.75399	80.92528	93.93386	82.8375	65.61448	80.92528	0.01897	82.8375	0.013	80.92528	174.99629	82.8375	90.22846	80.92528	145.06352	82.8375	123.48655
81.09194	1.55764	83.00417	1.18849	81.09194	291.27329	83.00417	96.55706	81.09194	95.11381	83.00417	66.74108	81.09194	0.0191	83.00417	0.0131	81.09194	175.38669	83.00417	92.56059	81.09194	145.19809	83.00417	123.52172
81.25861	1.56952	83.17083	1.19155	81.25861	288.99467	83.17083	96.40666	81.25861	96.35328	83.17083	67.89234	81.25861	0.01924	83.17083	0.01319	81.25861	175.85553	83.17083	94.91575	81.25861	145.33923	83.17083	123.55843
81.42528	1.58221	83.3375	1.19416	81.42528	286.70161	83.3375	96.30366	81.42528	97.64956	83.3375	69.06774	81.42528	0.01941	83.3375	0.01327	81.42528	176.40436	83.3375	97.28435	81.42528	145.48581	83.3375	123.59731
81.59194	1.59554	83.50417	1.1963	81.59194	284.40103	83.50417	96.25011	81.59194	99.00242	83.50417	70.26631	81.59194	0.01959	83.50417	0.01334	81.59194	177.0319	83.50417	99.65638	81.59194	145.63897	83.50417	123.63816
81.75861	1.60938	83.67083	1.19794	81.75861	282.09982	83.67083	96.24612	81.75861	100.40924	83.67083	71.48653	81.75861	0.01978	83.67083	0.01341	81.75861	177.73705	83.67083	102.02071	81.75861	145.79693	83.67083	123.68127
81.92528	1.62359	83.8375	1.19908	81.92528	279.80793	83.8375	96.29029	81.92528	101.86845	83.8375	72.72769	81.92528	0.01998	83.8375	0.01347	81.92528	178.51964	83.8375	104.36713	81.92528	145.95991	83.8375	123.72593
82.09194	1.63801	84.00417	1.19971	82.09194	277.53125	84.00417	96.38283	82.09194	103.37632	84.00417	73.98844	82.09194	0.02018	84.00417	0.01351	82.09194	179.3754	84.00417	106.68449	82.09194	146.12914	84.00417	123.77243
82.25861	1.65248	84.17083	1.19983	82.25861	275.27771	84.17083	96.52304	82.25861	104.93334	84.17083	75.26713	82.25861	0.02039	84.17083	0.01355	82.25861	180.30286	84.17083	108.96237	82.25861	146.30265	84.17083	123.82068
82.42528	1.66686	84.3375	1.19945	82.42528	273.05237	84.3375	96.70805	82.42528	106.53676	84.3375	76.56226	82.42528	0.02061	84.3375	0.01358	82.42528	181.29677	84.3375	111.19005	82.42528	146.48304	84.3375	123.87087
82.59194	1.68103	84.50417	1.19858	82.59194	270.866	84.50417	96.93735	82.59194	108.18256	84.50417	77.87215	82.59194	0.02081	84.50417	0.0136	82.59194	182.35316	84.50417	113.35803	82.59194	146.66688	84.50417	123.92322
82.75861	1.69485	84.67083	1.19724	82.75861	268.72376	84.67083	97.20741	82.75861	109.87053	84.67083	79.19487	82.75861	0.02102	84.67083	0.01361	82.75861	183.46609	84.67083	115.45603	82.75861	146.85468	84.67083	123.97668
82.92528	1.70819	84.8375	1.19544	82.92528	266.63154	84.8375	97.51618	82.92528	111.59577	84.8375	80.52817	82.92528	0.02122	84.8375	0.01361	82.92528	184.62983	84.8375	117.47446	82.92528	147.04884	84.8375	124.03167
83.09194	1.72096	85.00417	1.19319	83.09194	264.59533	85.00417	97.8609	83.09194	113.35629	85.00417	81.87	83.09194	0.02141	85.00417	0.0136	83.09194	185.83719	85.00417	119.40493	83.09194	147.24653	85.00417	124.08819
83.10861	1.7222	85.17083	1.19053	83.10861	264.39573	85.17083	98.23883	83.10861	113.53475	85.17083	83.21758	83.10861	0.02142	85.17083	0.01358	83.10861	185.96076	85.17083	121.239	83.10861	147.26666	85.17083	124.14665
83.27528	4.84469	85.3375	1.18746	83.27528	320.32855	85.3375	98.64684	83.27528	119.93059	85.3375	84.56897	83.27528	0.26283	85.3375	0.01355	83.27528	201.56242	85.3375	122.96925	83.27528	175.33806	85.3375	124.2058
83.35861	687.02825	85.50417	1.18401	83.35861	331.877	85.50417	99.08159	83.35861	123.53252	85.50417	85.92051	83.35861	106.36682	85.50417	0.01351	83.35861	194.63022	85.50417	124.5887	83.35861	179.56967	85.50417	124.26668
83.52528	779.65776	85.67083	1.18021	83.52528	356.88007	85.67083	99.54013	83.52528	123.437	85.67083	87.26984	83.52528	104.30223	85.67083	0.01347	83.52528	203.51633	85.67083	126.09074	83.52528	180.13127	85.67083	124.32856
83.69194	760.30181	85.8375	1.17607	83.69194	382.07391	85.8375	100.0195	83.69194	123.26592	85.8375	88.61376	83.69194	101.76438	85.8375	0.01342	83.69194	216.55157	85.8375	127.47026	83.69194	180.66165	85.8375	124.39197
83.85861	741.64125	86.00417	1.17161	83.85861	405.91865	86.00417	100.51592	83.85861	124.23755	86.00417	89.94904	83.85861	99.29494	86.00417	0.01336	83.85861	229.41842	86.00417	128.72284	83.85861	181.22142	86.00417	124.45585
84.02528	723.63422	86.17083	1.16686	84.02528	428.50256	86.17083	101.02827	84.02528	126.15691	86.17083	91.27237	84.02528	96.89663	86.17083	0.0133	84.02528	241.89329	86.17083	129.84453	84.02528	181.81275	86.17083	124.52074
84.19194	706.24881	86.3375	1.16184	84.19194	449.89487	86.3375	101.55183	84.19194	128.85148	86.3375	92.57951	84.19194	94.56944	86.3375	0.01323	84.19194	253.96377	86.3375	130.83176	84.19194	182.43454	86.3375	124.58652
84.35861	689.45786	86.50417	1.15655	84.35861	470.13913	86.50417	102.08554	84.35861	132.17523	86.50417	93.86781	84.35861	92.31427	86.50417	0.01315	84.35861	265.61805	86.50417	131.68212	84.35861	183.08823	86.50417	124.65289
84.52528	673.26307	86.67083	1.15104	84.52528	489.27705	86.67083	102.62649	84.52528	136.00509	86.67083	95.13385	84.52528	90.13023	86.67083	0.01307	84.52528	276.8398	86.67083	132.3946	84.52528	183.76831	86.67083	124.71963
84.64194	662.27355	86.8375	1.14532	84.64194	502.0299	86.8375	103.17366	84.64194	138.9279	86.8375	96.37278	84.64194	88.64406	86.8375	0.01298	84.64194	284.42693	86.8375	132.96722	84.64194	184.25902	86.8375	124.78738
84.80861	137.31506	87.00417	1.1394	84.80861	453.56377	87.00417	103.72422	84.80861	139.39971	87.00417	97.58163	84.80861	0.04442	87.00417	0.01289	84.80861	301.91159	87.00417	133.39985	84.80861	168.26421	87.00417	124.85508
84.89194	50.37045	87.17083	1.1333	84.89194	418.13653	87.17083	104.27621	84.89194	139.63865	87.17083	98.7573	84.89194	0.01962	87.17083	0.01279	84.89194	296.08084	87.17083	133.6933	84.89194	158.33015	87.17083	124.92264
85.05861	7.80087	87.3375	1.12706	85.05861	411.51337	87.3375	104.83044	85.05861	141.04965	87.3375	99.89533	85.05861	0.01957	87.3375	0.01269	85.05861	297.09753	87.3375	133.84827	85.05861	156.39425	87.3375	124.99069
85.22528	2.3695	87.50417	1.12067	85.22528	406.57043	87.50417	105.38418	85.22528	142.49915	87.50417	100.99094	85.22528	0.01968	87.50417	0.01259	85.22528	298.97767	87.50417	133.86578	85.22528	155.41718	87.50417	125.0589
85.39194	1.67964	87.67083	1.11418	85.39194	402.22845	87.67083	105.93821	85.39194	144.02538	87.67083	102.04304	85.39194	0.01982	87.67083	0.01249	85.39194	300.38744	87.67083	133.74801	85.39194	154.86779	87.67083	125.12708
85.55861	1.59641	87.8375	1.10759	85.55861	398.35127	87.8375	106.49161	85.55861	145.63621	87.8375	103.04693	85.55861	0.01997	87.8375	0.01238	85.55861	301.46533	87.8375	133.49772	85.55861	154.59674	87.8375	125.19492
85.72528	1.59182	88.00417	1.10094	85.72528	394.83151	88.00417	107.04619	85.72528	147.31531	88.00417	103.99891	85.72528	0.02012	88.00417	0.01226	85.72528	302.28641	88.00417	133.11712	85.72528	154.50799	88.00417	125.26189
85.89194	1.5979	88.17083	1.09425	85.89194	391.59025	88.17083	107.60007	85.89194	149.039	88.17083	104.89702	85.89194	0.02027	88.17083	0.01215	85.89194	302.89853	88.17083	132.61027	85.89194	154.53813	88.17083	125.32905
86.05861	1.60544	88.3375	1.08755	86.05861	388.57758	88.3375	108.15697	86.05861	150.78255	88.3375	105.7359	86.05861	0.02041	88.3375	0.01204	86.05861	303.3269	88.3375	131.98032	86.05861	154.64349	88.3375	125.39514
86.22528	1.61282	88.50417	1.08087	86.22528	385.75071	88.50417	108.71688	86.22528	152.52626	88.50417	106.51367	86.22528	0.02052	88.50417	0.01192	86.22528	303.59051	88.50417	131.23153	86.22528	154.79608	88.50417	125.4611
86.39194	1.61956	88.67083	1.07426	86.39194	383.08694	88.67083	109.28253	86.39194	154.25434	88.67083	107.2277	86.39194	0.02062	88.67083	0.0118	86.39194	303.70092	88.67083	130.36905	86.39194	154.97702	88.67083	125.52559
86.55861	1.62545	88.8375	1.06775	86.55861	380.57031	88.8375	109.85674	86.55861	155.95324	88.8375	107.87541	86.55861	0.02069	88.8375	0.01169	86.55861	303.66712	88.8375	129.39747	86.55861	155.17554	88.8375	125.58944
86.72528	1.63031	89.00417	1.0614	86.72528	378.18955	89.00417	110.44318	86.72528	157.61349	89.00417	108.45166	86.72528	0.02074	89.00417	0.01157	86.72528	303.49683	89.00417	128.32241	86.72528	155.38396	89.00417	125.65226
86.89194	1.63411	89.17083	1.05526	86.89194	375.93867	89.17083	111.04562	86.89194	159.22749	89.17083	108.95503	86.89194	0.02076	89.17083	0.01146	86.89194	303.19487	89.17083	127.14969	86.89194	155.5967	89.17083	125.71351
87.05861	1.63682	89.3375	1.0494	87.05861	373.80964	89.3375	111.67051	87.05861	160.78849	89.3375	109.38167	87.05861	0.02076	89.3375	0.01135	87.05861	302.76614	89.3375	125.88651	87.05861	155.80959	89.3375	125.77353
87.22528	1.63845	89.50417	1.04389	87.22528	371.80176	89.50417	112.32329	87.22528	162.28964	89.50417	109.72626	87.22528	0.02074	89.50417	0.01124	87.22528	302.21331	89.50417	124.53845	87.22528	156.02112	89.50417	125.83161
87.39194	1.63904	89.67083	1.03883	87.39194	369.912	89.67083	113.01324	87.39194	163.72728	89.67083	109.98496	87.39194	0.0207	89.67083	0.01114	87.39194	301.54128	89.67083	123.1144	87.39194	156.22946	89.67083	125.88797
87.55861	1.63865	89.8375	1.03432	87.55861	368.13255	89.8375	113.74849	87.55861	165.09625	89.8375	110.15059	87.55861	0.02064	89.8375	0.01105	87.55861	300.75516	89.8375	121.62241	87.55861	156.4339	89.8375	125.9421
87.72528	1.63733	90.00417	1.03049	87.72528	366.46849	90.00417	114.5435	87.72528	166.39169	90.00417	110.21178	87.72528	0.02056	90.00417	0.01096	87.72528	299.85498	90.00417	120.07122	87.72528	156.6332	90.00417	125.99342
87.89194	1.63515	90.17083	1.02747	87.89194	364.91531	90.17083	115.4105	87.89194	167.61121	90.17083	110.15766	87.89194	0.02047	90.17083	0.01089	87.89194	298.84898	90.17083	118.47115	87.89194	156.82697	90.17083	126.04218
88.05861	1.63219	90.3375	1.02544	88.05861	363.47466	90.3375	116.36834	88.05861	168.75054	90.3375	109.96792	88.05861	0.02036	90.3375	0.01084	88.05861	297.73893	90.3375	116.83237	88.05861	157.01479	90.3375	126.08585
88.22528	1.62852	90.50417	1.0246	88.22528	362.14325	90.50417	117.42772	88.22528	169.80727	90.50417	109.61361	88.22528	0.02024	90.50417	0.0108	88.22528	296.52635	90.50417	115.1648	88.22528	157.19594	90.50417	126.12443
88.39194	1.62426	90.67083	1.02513	88.39194	360.92641	90.67083	118.5777	88.39194	170.77684	90.67083	109.05501	88.39194	0.0201	90.67083	0.01079	88.39194	295.22072	90.67083	113.47197	88.39194	157.37104	90.67083	126.15467
88.55861	1.61946	90.8375	1.0272	88.55861	359.81669	90.8375	119.71385	88.55861	171.65966	90.8375	108.23023	88.55861	0.01996	90.8375	0.01081	88.55861	293.82441	90.8375	111.73919	88.55861	157.5373	90.8375	126.17319
88.72528	1.61426	91.00417	1.03082	88.72528	358.82485	91.00417	120.54622	88.72528	172.45035	91.00417	107.05991	88.72528	0.01981	91.00417	0.01085	88.72528	292.34154	91.00417	109.91661	88.72528	157.69794	91.00417	126.17846
88.89194	1.60875	91.17083	1.03577	88.89194	357.94806	91.17083	121.132	88.89194	173.14957	91.17083	105.55041	88.89194	0.01965	91.17083	0.01091	88.89194	290.78044	91.17083	108.0426	88.89194	157.85234	91.17083	126.18254
89.05861	1.60304	91.3375	1.04164	89.05861	357.19082	91.3375	121.89287	89.05861	173.75328	91.3375	103.99401	89.05861	0.01949	91.3375	0.01097	89.05861	289.14496	91.3375	106.26621	89.05861	157.99874	91.3375	126.21453
89.22528	1.59729	91.50417	1.04798	89.22528	356.56042	91.50417	122.65871	89.22528	174.26045	91.50417	102.54656	89.22528	0.01933	91.50417	0.01104	89.22528	287.44056	91.50417	104.57055	89.22528	158.13788	91.50417	126.27731
89.39194	1.59162	91.67083	1.05457	89.39194	356.06127	91.67083	123.30554	89.39194	174.66763	91.67083	101.20271	89.39194	0.01917	91.67083	0.01111	89.39194	285.67713	91.67083	102.92403	89.39194	158.27099	91.67083	126.36041
89.55861	1.5862	91.8375	1.06133	89.55861	355.70417	91.8375	123.80958	89.55861	174.97313	91.8375	99.956	89.55861	0.01901	91.8375	0.01119	89.55861	283.86064	91.8375	101.31882	89.55861	158.39696	91.8375	126.45622
89.72528	1.58121	92.00417	1.06821	89.72528	355.49814	92.00417	124.19017	89.72528	175.17129	92.00417	98.80071	89.72528	0.01886	92.00417	0.01126	89.72528	281.99847	92.00417	99.75626	89.72528	158.51589	92.00417	126.5582
89.89194	1.57682	92.17083	1.07517	89.89194	355.45748	92.17083	124.47302	89.89194	175.25686	92.17083	97.73164	89.89194	0.01872	92.17083	0.01134	89.89194	280.09915	92.17083	98.23971	89.89194	158.63134	92.17083	126.66477
90.05861	1.57329	92.3375	1.0822	90.05861	355.60245	92.3375	124.68356	90.05861	175.22043	92.3375	96.74486	90.05861	0.0186	92.3375	0.01142	90.05861	278.17307	92.3375	96.77203	90.05861	158.74094	92.3375	126.77204
90.22528	1.57085	92.50417	1.08928	90.22528	355.95481	92.50417	124.84299	90.22528	175.04735	92.50417	95.83667	90.22528	0.01849	92.50417	0.0115	90.22528	276.22914	92.50417	95.35514	90.22528	158.84627	92.50417	126.87972
90.39194	1.56979	92.67083	1.0964	90.39194	356.53662	92.67083	124.96514	90.39194	174.71855	92.67083	95.00305	90.39194	0.01842	92.67083	0.01158	90.39194	274.27691	92.67083	93.99014	90.39194	158.9504	92.67083	126.98671
90.55861	1.57038	92.8375	1.10355	90.55861	357.36681	92.8375	125.06201	90.55861	174.20338	92.8375	94.24099	90.55861	0.01837	92.8375	0.01167	90.55861	272.32129	92.8375	92.67664	90.55861	159.05508	92.8375	127.09156
90.72528	1.57293	93.00417	1.11072	90.72528	358.41202	93.00417	125.14106	90.72528	173.45873	93.00417	93.54684	90.72528	0.01837	93.00417	0.01175	90.72528	270.3507	93.00417	91.41394	90.72528	159.16096	93.00417	127.19419
90.89194	1.57747	93.17083	1.11792	90.89194	359.43271	93.17083	125.20965	90.89194	172.43211	93.17083	92.91762	90.89194	0.0184	93.17083	0.01183	90.89194	268.30334	93.17083	90.20118	90.89194	159.27464	93.17083	127.29471
91.05861	1.58367	93.3375	1.12516	91.05861	359.82212	93.3375	125.27061	91.05861	171.08264	93.3375	92.35032	91.05861	0.01848	93.3375	0.01192	91.05861	266.0443	93.3375	89.03659	91.05861	159.40212	93.3375	127.39333
91.22528	1.59115	93.50417	1.13242	91.22528	359.9089	93.50417	125.32661	91.22528	169.51269	93.50417	91.84124	91.22528	0.01857	93.50417	0.012	91.22528	263.69056	93.50417	87.9189	91.22528	159.54361	93.50417	127.48995
91.39194	1.59958	93.67083	1.1397	91.39194	360.29068	93.67083	125.38049	91.39194	167.9405	93.67083	91.38769	91.39194	0.01867	93.67083	0.01209	91.39194	261.44514	93.67083	86.84606	91.39194	159.69413	93.67083	127.58479
91.55861	1.60824	93.8375	1.14701	91.55861	360.71704	93.8375	125.43313	91.55861	166.40752	93.8375	90.98718	91.55861	0.01877	93.8375	0.01217	91.55861	259.25535	93.8375	85.81639	91.55861	159.85112	93.8375	127.67681
91.72528	1.61693	94.00417	1.15435	91.72528	361.03071	94.00417	125.48543	91.72528	164.91658	94.00417	90.63631	91.72528	0.01887	94.00417	0.01226	91.72528	257.08185	94.00417	84.828	91.72528	160.01101	94.00417	127.76725
91.89194	1.62561	94.17083	1.16172	91.89194	361.17362	94.17083	125.53833	91.89194	163.46628	94.17083	90.33273	91.89194	0.01897	94.17083	0.01235	91.89194	254.91155	94.17083	83.87943	91.89194	160.16973	94.17083	127.85592
92.05861	1.63427	94.3375	1.16912	92.05861	361.15049	94.3375	125.59177	92.05861	162.05882	94.3375	90.07403	92.05861	0.01907	94.3375	0.01244	92.05861	252.74232	94.3375	82.96894	92.05861	160.32979	94.3375	127.94281
92.22528	1.64294	94.44472	1.17388	92.22528	360.98075	94.44472	125.62742	92.22528	160.69449	94.44472	89.93015	92.22528	0.01918	94.44472	0.01249	92.22528	250.5783	94.44472	82.40382	92.22528	160.48966	94.44472	127.99685
92.39194	1.65162	94.61139	1.18133	92.39194	360.68763	94.61139	125.68358	92.39194	159.37317	94.61139	89.73931	92.39194	0.01928	94.61139	0.01258	92.39194	248.42703	94.61139	81.55229	92.39194	160.64728	94.61139	128.08091
92.55861	1.66035	94.77806	1.18881	92.55861	360.29777	94.77806	125.74115	92.55861	158.09456	94.77806	89.58626	92.55861	0.01939	94.77806	0.01267	92.55861	246.29055	94.77806	80.7344	92.55861	160.80495	94.77806	128.16382
92.72528	1.66911	94.94472	1.19633	92.72528	359.83005	94.94472	125.80106	92.72528	156.85874	94.94472	89.46978	92.72528	0.0195	94.94472	0.01276	92.72528	244.17322	94.94472	79.94897	92.72528	160.96038	94.94472	128.24444
92.89194	1.67793	95.11139	1.20388	92.89194	359.30518	95.11139	125.86237	92.89194	155.6653	95.11139	89.38713	92.89194	0.01961	95.11139	0.01285	92.89194	242.07948	95.11139	79.19417	92.89194	161.11546	95.11139	128.3238
93.05861	1.6868	95.27806	1.21146	93.05861	358.73157	95.27806	125.92602	93.05861	154.51362	95.27806	89.33647	93.05861	0.01972	95.27806	0.01294	93.05861	240.01092	95.27806	78.46928	93.05861	161.26967	95.27806	128.40212
93.22528	1.69573	95.44472	1.21908	93.22528	358.12431	95.44472	125.99191	93.22528	153.4045	95.44472	89.31556	93.22528	0.01983	95.44472	0.01303	93.22528	237.96903	95.44472	77.7727	93.22528	161.42125	95.44472	128.47929
93.39194	1.70471	95.61139	1.22673	93.39194	357.49078	95.61139	126.05912	93.39194	152.33466	95.61139	89.32252	93.39194	0.01994	95.61139	0.01312	93.39194	235.95459	95.61139	77.10335	93.39194	161.57133	95.61139	128.55551
93.55861	1.71376	95.77806	1.23442	93.55861	356.83954	95.77806	126.12858	93.55861	151.30366	95.77806	89.35647	93.55861	0.02005	95.77806	0.01321	93.55861	233.96795	95.77806	76.45973	93.55861	161.72159	95.77806	128.62996
93.72528	1.72287	95.94472	1.24213	93.72528	356.17327	95.94472	126.19934	93.72528	150.31432	95.94472	89.41464	93.72528	0.02016	95.94472	0.01331	93.72528	232.01154	95.94472	75.84133	93.72528	161.86985	95.94472	128.70378
93.89194	1.73205	96.00028	1.24472	93.89194	355.49943	96.00028	126.22364	93.89194	149.36104	96.00028	89.43922	93.89194	0.02028	96.00028	0.01334	93.89194	230.08328	96.00028	75.64051	93.89194	162.01766	96.00028	128.72849
94.05861	1.74129	*	*	94.05861	354.81802	*	*	94.05861	148.44687	*	*	94.05861	0.02039	*	*	94.05861	228.18409	*	*	94.05861	162.164	*	*
94.22528	1.75059	*	*	94.22528	354.13264	*	*	94.22528	147.56918	*	*	94.22528	0.02051	*	*	94.22528	226.31486	*	*	94.22528	162.30906	*	*
94.39194	1.75997	*	*	94.39194	353.44697	*	*	94.39194	146.72793	*	*	94.39194	0.02062	*	*	94.39194	224.47266	*	*	94.39194	162.45306	*	*
94.44472	1.76294	*	*	94.44472	353.22959	*	*	94.44472	146.46858	*	*	94.44472	0.02066	*	*	94.44472	223.8953	*	*	94.44472	162.49718	*	*
94.61139	1.77239	*	*	94.61139	352.54325	*	*	94.61139	145.67387	*	*	94.61139	0.02078	*	*	94.61139	222.09103	*	*	94.61139	162.64001	*	*
94.77806	1.78192	*	*	94.77806	351.85828	*	*	94.77806	144.91322	*	*	94.77806	0.0209	*	*	94.77806	220.31283	*	*	94.77806	162.78178	*	*
94.94472	1.7915	*	*	94.94472	351.17653	*	*	94.94472	144.18667	*	*	94.94472	0.02102	*	*	94.94472	218.56303	*	*	94.94472	162.92219	*	*
95.11139	1.80115	*	*	95.11139	350.49891	*	*	95.11139	143.49237	*	*	95.11139	0.02114	*	*	95.11139	216.83882	*	*	95.11139	163.06236	*	*
95.27806	1.81087	*	*	95.27806	349.82349	*	*	95.27806	142.83159	*	*	95.27806	0.02126	*	*	95.27806	215.14123	*	*	95.27806	163.20024	*	*
95.44472	1.82064	*	*	95.44472	349.15303	*	*	95.44472	142.20222	*	*	95.44472	0.02138	*	*	95.44472	213.46985	*	*	95.44472	163.33851	*	*
95.61139	1.83049	*	*	95.61139	348.48644	*	*	95.61139	141.60381	*	*	95.61139	0.0215	*	*	95.61139	211.82297	*	*	95.61139	163.47511	*	*
95.77806	1.84039	*	*	95.77806	347.82555	*	*	95.77806	141.03628	*	*	95.77806	0.02163	*	*	95.77806	210.20049	*	*	95.77806	163.61097	*	*
95.94472	1.85036	*	*	95.94472	347.16843	*	*	95.94472	140.49869	*	*	95.94472	0.02175	*	*	95.94472	208.60303	*	*	95.94472	163.74619	*	*
96.00028	1.8537	*	*	96.00028	346.95083	*	*	96.00028	140.32635	*	*	96.00028	0.02179	*	*	96.00028	208.07591	*	*	96.00028	163.79078	*	*
