TIME	Aqua: aO=C([O-])C(O)[O] + aO2 -> aO=C(O)C(=O)[O-] + aHO2	Aqua: aO=C(O)C(O)[O] + aO2 -> aO=C(O)C(=O)O + aHO2	other sources	Aqua: FEC2O42m -> FEpp + aO=C([O-])C(=O)[O-] + aCO2 + aO	Aqua: FEC2O43mmm -> FEpp + aO=C([O-])C(=O)[O-] + aCO2 +	Aqua: aO=C(O)C(=O)[O-] + aNO3 -> aO=C([O-])C(=O)[O] + NO	Aqua: aNO3 + aO=C([O-])C(=O)[O-] -> NO3m + aO=C([O-])C(=	other sinks
24.0278	1.46063E-14	6.46299E-16	7.85402E-16	0	0	-5.01408E-15	-2.24694E-14	-5.42073E-16
24.1944	1.50006E-14	6.44712E-16	7.95323E-16	0	0	-4.8127E-15	-2.22547E-14	-5.72884E-16
24.3611	1.54439E-14	6.47007E-16	8.09901E-16	0	0	-4.63695E-15	-2.20688E-14	-5.93365E-16
24.5278	1.5904E-14	6.51725E-16	8.26236E-16	0	0	-4.48523E-15	-2.18944E-14	-6.09331E-16
24.6944	1.63691E-14	6.58171E-16	8.43146E-16	0	0	-4.35427E-15	-2.17273E-14	-6.23178E-16
24.8611	1.68349E-14	6.65947E-16	8.60165E-16	0	0	-4.24086E-15	-2.1567E-14	-6.35924E-16
24.9444	1.70672E-14	6.70248E-16	8.6865E-16	0	0	-4.18987E-15	-2.14893E-14	-6.42025E-16
25.1111	1.32574E-15	2.21955E-15	7.91934E-16	0	0	-2.14638E-15	-2.63093E-16	-1.05418E-17
25.1944	1.49836E-15	2.51849E-15	8.63926E-16	0	0	-1.74637E-15	-2.25101E-16	-1.21352E-17
25.3611	1.34857E-15	3.27241E-15	1.06752E-15	0	0	-2.03974E-15	-1.92228E-16	-1.53167E-17
25.5278	1.13783E-15	3.58886E-15	1.15528E-15	0	0	-2.21982E-15	-1.6467E-16	-1.76445E-17
25.6944	9.91842E-16	3.81252E-15	1.21752E-15	0	0	-2.3408E-15	-1.44705E-16	-1.95901E-17
25.8611	8.90016E-16	3.986E-15	1.26612E-15	0	0	-2.42214E-15	-1.30012E-16	-2.11515E-17
26.0278	8.1723E-16	4.12186E-15	1.30442E-15	0	0	-2.4751E-15	-1.19027E-16	-2.25291E-17
26.1944	7.64322E-16	4.22739E-15	1.33433E-15	0	0	-2.50797E-15	-1.10732E-16	-2.36652E-17
26.3611	7.25494E-16	4.30804E-15	1.35746E-15	0	0	-2.52655E-15	-1.0443E-16	-2.46268E-17
26.5278	6.96901E-16	4.36834E-15	1.37509E-15	0	0	-2.53502E-15	-9.96267E-17	-2.54451E-17
26.6944	6.75879E-16	4.41211E-15	1.38828E-15	0	0	-2.53639E-15	-9.59591E-17	-2.61471E-17
26.8611	6.6053E-16	4.4426E-15	1.39793E-15	0	0	-2.53277E-15	-9.31576E-17	-2.67556E-17
27.0278	6.49471E-16	4.46253E-15	1.40477E-15	0	0	-2.52569E-15	-9.10198E-17	-2.72901E-17
27.1944	6.41676E-16	4.47413E-15	1.4094E-15	0	0	-2.51622E-15	-8.93923E-17	-2.77663E-17
27.3611	6.36376E-16	4.47922E-15	1.41232E-15	0	0	-2.50515E-15	-8.81582E-17	-2.81964E-17
27.5278	6.32993E-16	4.47929E-15	1.41391E-15	0	0	-2.49304E-15	-8.72286E-17	-2.85909E-17
27.6944	6.31084E-16	4.47549E-15	1.41447E-15	0	0	-2.48027E-15	-8.6535E-17	-2.89576E-17
27.8611	6.30313E-16	4.46875E-15	1.41426E-15	0	0	-2.46715E-15	-8.60253E-17	-2.93028E-17
28.0278	6.30418E-16	4.4598E-15	1.41347E-15	0	0	-2.45387E-15	-8.56587E-17	-2.9631E-17
28.1944	6.31202E-16	4.44919E-15	1.41223E-15	0	0	-2.44059E-15	-8.54046E-17	-2.99462E-17
28.3611	6.32511E-16	4.43737E-15	1.41066E-15	0	0	-2.4274E-15	-8.52385E-17	-3.0251E-17
28.5278	6.34228E-16	4.42466E-15	1.40886E-15	0	0	-2.41438E-15	-8.51421E-17	-3.05476E-17
28.6944	6.36259E-16	4.41131E-15	1.40689E-15	0	0	-2.40158E-15	-8.51008E-17	-3.08375E-17
28.8611	6.38534E-16	4.39754E-15	1.40479E-15	0	-1.35528E-26	-2.38902E-15	-8.51033E-17	-3.1122E-17
29.0278	5.92294E-16	4.04316E-15	1.29649E-15	-1.26743E-15	-8.64953E-16	-2.17246E-15	-7.78366E-17	-3.01426E-17
29.1944	4.65562E-16	3.15118E-15	1.01218E-15	-3.74812E-14	-2.51839E-14	-1.63805E-15	-5.91561E-17	-3.21719E-17
29.3611	4.55761E-16	3.16316E-15	9.83619E-16	-1.10104E-13	-1.00394E-13	-1.71153E-15	-6.24445E-17	-6.01914E-17
29.5278	5.02289E-16	3.5941E-15	1.07798E-15	-1.04424E-13	-1.7349E-13	-2.32369E-15	-8.57617E-17	-1.32679E-16
29.6944	5.17056E-16	3.79999E-15	8.89159E-16	-5.51659E-14	-1.44192E-13	-2.92307E-15	-1.07084E-16	-2.95646E-16
29.8611	5.01556E-16	3.49849E-15	1.04982E-15	-2.09901E-14	-6.55329E-14	-2.88978E-15	-1.09064E-16	-2.80808E-16
30.0278	4.80862E-16	3.20995E-15	9.87768E-16	-5.9304E-15	-1.84319E-14	-2.68503E-15	-1.02337E-16	-3.17548E-16
30.1944	4.71425E-16	2.98897E-15	9.49225E-16	-1.51013E-15	-3.92396E-15	-2.44786E-15	-9.41741E-17	-3.51969E-16
30.3611	4.74136E-16	2.85385E-15	9.36883E-16	-5.80922E-16	-1.04976E-15	-2.25063E-15	-8.73687E-17	-3.91676E-16
30.5278	4.8673E-16	2.79024E-15	9.4607E-16	-3.94877E-16	-5.46988E-16	-2.09538E-15	-8.20456E-17	-4.37442E-16
30.6944	5.07313E-16	2.78358E-15	9.72679E-16	-3.36555E-16	-4.09593E-16	-1.97221E-15	-7.78605E-17	-4.88805E-16
30.8611	5.34538E-16	2.82284E-15	1.01376E-15	-3.05852E-16	-3.40432E-16	-1.87295E-15	-7.45233E-17	-5.45373E-16
31.0278	5.67371E-16	2.89951E-15	1.0671E-15	-2.86557E-16	-2.96054E-16	-1.79186E-15	-7.183E-17	-6.06871E-16
31.1944	6.33757E-16	3.0068E-15	1.08979E-15	-2.74398E-16	-2.65702E-16	-1.72431E-15	-6.96367E-17	-6.71623E-16
31.3611	6.46607E-16	3.1392E-15	1.20406E-15	-2.67352E-16	-2.44506E-16	-1.66905E-15	-6.78391E-17	-7.43833E-16
31.5278	6.91674E-16	3.29214E-15	1.2852E-15	-2.64194E-16	-2.29665E-16	-1.62223E-15	-6.63599E-17	-8.18955E-16
31.6944	7.39621E-16	3.4618E-15	1.37352E-15	-2.64114E-16	-2.19424E-16	-1.58277E-15	-6.51407E-17	-8.98298E-16
31.8611	7.89957E-16	3.64494E-15	1.46829E-15	-2.66544E-16	-2.12624E-16	-1.54941E-15	-6.41367E-17	-9.81713E-16
32.0278	8.42238E-16	3.83875E-15	1.5689E-15	-2.71069E-16	-2.08474E-16	-1.52115E-15	-6.33127E-17	-1.06905E-15
32.1944	8.96059E-16	4.04083E-15	1.67483E-15	-2.77384E-16	-2.06417E-16	-1.49721E-15	-6.26412E-17	-1.16016E-15
32.3611	9.51044E-16	4.2491E-15	1.78553E-15	-2.85247E-16	-2.06054E-16	-1.47695E-15	-6.20998E-17	-1.25481E-15
32.5278	1.00685E-15	4.46158E-15	1.90105E-15	-2.94477E-16	-2.07091E-16	-1.45992E-15	-6.16711E-17	-1.35304E-15
32.6944	1.06316E-15	4.67672E-15	2.02069E-15	-3.0492E-16	-2.09311E-16	-1.44563E-15	-6.13403E-17	-1.45448E-15
32.8611	1.11969E-15	4.89303E-15	2.14434E-15	-3.16457E-16	-2.12552E-16	-1.43377E-15	-6.10957E-17	-1.55902E-15
33.0278	1.17615E-15	5.10916E-15	2.27182E-15	-3.28985E-16	-2.16688E-16	-1.42406E-15	-6.09277E-17	-1.66643E-15
33.1944	1.23232E-15	5.32396E-15	2.40293E-15	-3.42417E-16	-2.21626E-16	-1.41625E-15	-6.08283E-17	-1.77655E-15
33.3611	1.28795E-15	5.53635E-15	2.53753E-15	-3.56672E-16	-2.27294E-16	-1.41015E-15	-6.07911E-17	-1.88916E-15
33.5278	1.34286E-15	5.7454E-15	2.67551E-15	-3.71681E-16	-2.33633E-16	-1.40558E-15	-6.08107E-17	-2.00404E-15
33.6944	1.39686E-15	5.95028E-15	2.81677E-15	-3.87378E-16	-2.406E-16	-1.40242E-15	-6.0883E-17	-2.12095E-15
33.8611	1.44978E-15	6.15022E-15	2.96121E-15	-4.03697E-16	-2.48161E-16	-1.40053E-15	-6.10045E-17	-2.23965E-15
34.0278	1.50148E-15	6.34457E-15	3.10874E-15	-4.20578E-16	-2.56288E-16	-1.39983E-15	-6.11725E-17	-2.35989E-15
34.1944	1.55183E-15	6.53269E-15	3.25926E-15	-4.37952E-16	-2.64959E-16	-1.40023E-15	-6.13848E-17	-2.48139E-15
34.3611	1.60072E-15	6.71407E-15	3.41265E-15	-4.55758E-16	-2.74157E-16	-1.40166E-15	-6.164E-17	-2.60387E-15
34.5278	1.64803E-15	6.88821E-15	3.56879E-15	-4.73929E-16	-2.83866E-16	-1.40407E-15	-6.1937E-17	-2.727E-15
34.6944	1.69367E-15	7.05466E-15	3.72751E-15	-4.92394E-16	-2.94075E-16	-1.40741E-15	-6.22753E-17	-2.85048E-15
34.8611	1.73755E-15	7.21302E-15	3.88861E-15	-5.11081E-16	-3.04773E-16	-1.41166E-15	-6.26544E-17	-2.97395E-15
35.0278	1.77958E-15	7.3629E-15	4.05183E-15	-5.29916E-16	-3.15952E-16	-1.41678E-15	-6.30747E-17	-3.09704E-15
35.0833	1.79587E-15	7.42038E-15	4.11765E-15	-5.37472E-16	-3.20556E-16	-1.41907E-15	-6.32544E-17	-3.14608E-15
35.25	4.00333E-15	1.6967E-14	8.44343E-15	-3.31167E-15	-5.64576E-16	-2.08071E-15	-1.0911E-16	-4.89331E-15
35.3333	8.45144E-14	2.63009E-16	2.07011E-14	-8.41391E-14	-1.71217E-15	-1.02589E-16	-8.36689E-15	-3.81496E-14
35.5	1.27733E-13	2.65214E-15	1.58367E-14	-2.8306E-13	-3.87989E-15	-6.90891E-16	-8.20092E-15	-4.69545E-15
35.6667	1.26135E-13	5.28959E-15	1.38975E-14	-1.70598E-13	-1.61125E-15	-1.12217E-15	-6.49841E-15	-4.38003E-15
35.8333	1.27614E-13	7.78294E-15	1.38488E-14	-1.3802E-13	-1.07094E-15	-1.39765E-15	-5.54073E-15	-4.58238E-15
36	1.29311E-13	1.03635E-14	1.4567E-14	-1.22416E-13	-8.26126E-16	-1.63054E-15	-4.90781E-15	-4.85979E-15
36.1667	1.30294E-13	1.31032E-14	1.56148E-14	-1.1317E-13	-6.82943E-16	-1.85346E-15	-4.43932E-15	-5.18094E-15
36.3333	1.30445E-13	1.59388E-14	1.6814E-14	-1.07354E-13	-5.90857E-16	-2.07239E-15	-4.08123E-15	-5.52515E-15
36.5	1.29876E-13	1.87793E-14	1.80837E-14	-1.03747E-13	-5.29505E-16	-2.28834E-15	-3.80541E-15	-5.87701E-15
36.6389	1.29127E-13	2.07271E-14	1.89871E-14	-1.02158E-13	-4.98853E-16	-2.43788E-15	-3.65045E-15	-6.12152E-15
36.8056	3.95797E-15	8.49578E-15	6.67438E-15	-5.45607E-16	-3.39582E-16	-1.45784E-15	-1.37014E-16	-1.42973E-15
36.8889	3.9868E-15	7.49829E-15	5.4527E-15	-3.2556E-16	-3.32776E-16	-1.35934E-15	-1.33963E-16	-1.5208E-15
37.0556	3.24986E-15	8.05554E-15	5.42905E-15	-3.79081E-16	-2.9894E-16	-1.40298E-15	-1.05506E-16	-1.6225E-15
37.2222	2.73155E-15	8.3669E-15	5.47669E-15	-4.29769E-16	-2.77481E-16	-1.41486E-15	-8.63538E-17	-1.6725E-15
37.3889	2.38216E-15	8.56795E-15	5.56167E-15	-4.64398E-16	-2.57636E-16	-1.42116E-15	-7.40049E-17	-1.71367E-15
37.5556	2.14105E-15	8.7021E-15	5.66257E-15	-4.92184E-16	-2.43663E-16	-1.42633E-15	-6.57392E-17	-1.75168E-15
37.7222	1.9716E-15	8.7899E-15	5.76724E-15	-5.19627E-16	-2.36778E-16	-1.43276E-15	-6.01829E-17	-1.78888E-15
37.8889	1.85091E-15	8.84294E-15	5.86821E-15	-5.49275E-16	-2.36358E-16	-1.44183E-15	-5.64754E-17	-1.82587E-15
38.0556	1.76388E-15	8.86771E-15	5.96065E-15	-5.80889E-16	-2.4109E-16	-1.45421E-15	-5.4083E-17	-1.86234E-15
38.2222	1.70013E-15	8.86754E-15	6.04106E-15	-6.13051E-16	-2.49661E-16	-1.47017E-15	-5.26551E-17	-1.89749E-15
38.3889	1.65234E-15	8.84414E-15	6.10687E-15	-6.44276E-16	-2.61028E-16	-1.48973E-15	-5.19524E-17	-1.93033E-15
38.5556	1.61525E-15	8.79836E-15	6.15624E-15	-6.73467E-16	-2.74471E-16	-1.51281E-15	-5.18086E-17	-1.95986E-15
38.7222	1.58504E-15	8.73071E-15	6.18787E-15	-6.99971E-16	-2.8952E-16	-1.53929E-15	-5.21063E-17	-1.98518E-15
38.8889	1.55893E-15	8.64167E-15	6.20097E-15	-7.23478E-16	-3.05891E-16	-1.56907E-15	-5.27627E-17	-2.00548E-15
39.0556	1.53488E-15	8.53178E-15	6.19502E-15	-7.43902E-16	-3.23421E-16	-1.60212E-15	-5.372E-17	-2.02009E-15
39.2222	1.51142E-15	8.40173E-15	6.16981E-15	-7.61268E-16	-3.42031E-16	-1.63846E-15	-5.49391E-17	-2.02847E-15
39.3889	1.48749E-15	8.25242E-15	6.12541E-15	-7.75672E-16	-3.61702E-16	-1.67823E-15	-5.63953E-17	-2.03021E-15
39.5556	1.46234E-15	8.08488E-15	6.06211E-15	-7.87229E-16	-3.82461E-16	-1.72163E-15	-5.80752E-17	-2.02502E-15
39.7222	1.4355E-15	7.90034E-15	5.98038E-15	-7.96067E-16	-4.0438E-16	-1.76898E-15	-5.99754E-17	-2.01271E-15
39.8889	1.40664E-15	7.70022E-15	5.88092E-15	-8.02319E-16	-4.27579E-16	-1.82072E-15	-6.21016E-17	-1.99322E-15
40.0556	1.37563E-15	7.48604E-15	5.76455E-15	-8.0612E-16	-4.52225E-16	-1.87741E-15	-6.44677E-17	-1.96655E-15
40.2222	1.34241E-15	7.25952E-15	5.63235E-15	-8.07611E-16	-4.78546E-16	-1.93982E-15	-6.7097E-17	-1.93286E-15
40.3889	1.30706E-15	7.02252E-15	5.48553E-15	-8.06948E-16	-5.06848E-16	-2.00891E-15	-7.00233E-17	-1.89236E-15
40.5556	1.26972E-15	6.777E-15	5.32549E-15	-8.04289E-16	-5.37527E-16	-2.08596E-15	-7.3293E-17	-1.84536E-15
40.7222	1.23061E-15	6.52516E-15	5.15382E-15	-7.99826E-16	-5.71104E-16	-2.17259E-15	-7.69685E-17	-1.79225E-15
40.8889	1.19001E-15	6.26932E-15	4.9723E-15	-7.93758E-16	-6.08254E-16	-2.271E-15	-8.11339E-17	-1.73351E-15
41.0556	1.14829E-15	6.01207E-15	4.7829E-15	-7.86318E-16	-6.4986E-16	-2.38409E-15	-8.5903E-17	-1.66969E-15
41.2222	1.10586E-15	5.7563E-15	4.58785E-15	-7.77754E-16	-6.97063E-16	-2.51584E-15	-9.14323E-17	-1.60141E-15
41.3889	1.06325E-15	5.50529E-15	4.38965E-15	-7.68326E-16	-7.5133E-16	-2.6718E-15	-9.79404E-17	-1.52936E-15
41.5556	1.02109E-15	5.26299E-15	4.19119E-15	-7.58251E-16	-8.14474E-16	-2.85994E-15	-1.05741E-16	-1.45428E-15
41.7222	9.80191E-16	5.03432E-15	3.99592E-15	-7.47585E-16	-8.88571E-16	-3.09198E-15	-1.15298E-16	-1.37698E-15
41.8889	9.41634E-16	4.8258E-15	3.80813E-15	-7.35892E-16	-9.75418E-16	-3.38587E-15	-1.2732E-16	-1.29837E-15
42.0556	9.06937E-16	4.64673E-15	3.63356E-15	-7.21469E-16	-1.07481E-15	-3.77013E-15	-1.42931E-16	-1.21939E-15
42.2222	8.78406E-16	4.51141E-15	3.48052E-15	-6.99497E-16	-1.17953E-15	-4.29224E-15	-1.64004E-16	-1.14117E-15
42.3889	8.59774E-16	4.44339E-15	3.36198E-15	-6.58069E-16	-1.26243E-15	-5.03511E-15	-1.93805E-16	-1.06497E-15
42.5556	8.57388E-16	4.48356E-15	3.29947E-15	-5.71977E-16	-1.25008E-15	-6.14952E-15	-2.3826E-16	-9.92171E-16
42.7222	8.81735E-16	4.70191E-15	3.32817E-15	-4.04332E-16	-1.00321E-15	-7.90887E-15	-3.08068E-16	-9.23449E-16
42.8889	9.45887E-16	5.19279E-15	3.4922E-15	-1.6235E-16	-4.54129E-16	-1.0714E-14	-4.1875E-16	-8.5609E-16
43.0556	1.04879E-15	5.95244E-15	3.79184E-15	-9.62632E-18	-3.04918E-17	-1.44584E-14	-5.65393E-16	-7.9242E-16
43.2222	1.10539E-15	6.38376E-15	3.9543E-15	0	-3.06166E-26	-1.63253E-14	-6.37178E-16	-7.50939E-16
43.3889	1.10089E-15	6.37877E-15	3.92453E-15	0	0	-1.61056E-14	-6.27701E-16	-7.26006E-16
43.5556	1.10137E-15	6.38427E-15	3.9085E-15	0	0	-1.57844E-14	-6.15028E-16	-7.08705E-16
43.7222	1.10377E-15	6.39309E-15	3.89757E-15	0	0	-1.54449E-14	-6.02197E-16	-6.92972E-16
43.8889	1.10644E-15	6.39854E-15	3.88706E-15	0	0	-1.50898E-14	-5.89145E-16	-6.77296E-16
44.0556	1.10893E-15	6.39937E-15	3.87557E-15	0	0	-1.47225E-14	-5.75879E-16	-6.61471E-16
44.2222	1.11113E-15	6.39327E-15	3.8108E-15	0	0	-1.4343E-14	-5.62518E-16	-6.54583E-16
44.3889	1.11298E-15	6.38791E-15	3.84864E-15	0	0	-1.39664E-14	-5.48977E-16	-6.29425E-16
44.5556	1.11441E-15	6.3766E-15	3.83334E-15	0	0	-1.35846E-14	-5.35496E-16	-6.13341E-16
44.7222	1.11557E-15	6.3623E-15	3.81688E-15	0	0	-1.32041E-14	-5.22089E-16	-5.97253E-16
44.8889	1.11688E-15	6.34548E-15	3.80067E-15	0	0	-1.2827E-14	-5.08811E-16	-5.82101E-16
45.0556	1.11707E-15	6.32659E-15	3.7813E-15	0	0	-1.2455E-14	-4.95711E-16	-5.65378E-16
45.2222	1.11749E-15	6.306E-15	3.76249E-15	0	0	-1.20895E-14	-4.82826E-16	-5.49704E-16
45.3889	1.11774E-15	6.28403E-15	3.74319E-15	0	0	-1.17316E-14	-4.70189E-16	-5.34271E-16
45.5556	1.11784E-15	6.26095E-15	3.72353E-15	0	0	-1.13819E-14	-4.57823E-16	-5.19118E-16
45.7222	1.11782E-15	6.237E-15	3.70362E-15	0	0	-1.10412E-14	-4.45749E-16	-5.04278E-16
45.8889	1.11771E-15	6.21237E-15	3.68354E-15	0	0	-1.07098E-14	-4.3398E-16	-4.89777E-16
46.0556	1.11753E-15	6.18721E-15	3.66338E-15	0	0	-1.03881E-14	-4.22526E-16	-4.75635E-16
46.2222	1.11729E-15	6.16167E-15	3.6432E-15	0	0	-1.00762E-14	-4.11395E-16	-4.61867E-16
46.3889	1.117E-15	6.13585E-15	3.62305E-15	0	0	-9.77415E-15	-4.00591E-16	-4.48482E-16
46.5556	1.11669E-15	6.10984E-15	3.60298E-15	0	0	-9.48204E-15	-3.90114E-16	-4.35488E-16
46.7222	1.11635E-15	6.08372E-15	3.58302E-15	0	0	-9.19979E-15	-3.79965E-16	-4.22886E-16
46.7778	1.11622E-15	6.07326E-15	3.57501E-15	0	0	-9.08963E-15	-3.75997E-16	-4.17934E-16
46.9444	1.6128E-15	7.54836E-15	4.67456E-15	0	0	-9.91047E-15	-4.73092E-16	-5.66623E-16
47.0278	3.2917E-14	2.11161E-16	5.99038E-15	0	0	-4.9689E-16	-2.08602E-14	-2.07179E-14
47.1944	2.53416E-14	6.87272E-16	2.63804E-15	0	0	-2.14662E-15	-2.04644E-14	-9.74457E-16
47.3611	1.92911E-14	6.51643E-16	1.89664E-15	0	0	-2.41111E-15	-1.63809E-14	-6.21336E-16
47.5278	1.77802E-14	6.13121E-16	1.64145E-15	0	0	-2.37269E-15	-1.48403E-14	-5.59127E-16
47.6944	1.77006E-14	6.20005E-16	1.56174E-15	0	0	-2.36672E-15	-1.42396E-14	-5.32681E-16
47.8611	1.7987E-14	6.43701E-16	1.54215E-15	0	0	-2.39843E-15	-1.39884E-14	-5.19253E-16
48.0278	1.83532E-14	6.72013E-16	1.54223E-15	0	0	-2.44766E-15	-1.3875E-14	-5.11689E-16
48.1944	1.87264E-14	7.00873E-16	1.54838E-15	0	0	-2.50209E-15	-1.38181E-14	-5.07108E-16
48.3611	1.90898E-14	7.28982E-16	1.55614E-15	0	0	-2.55589E-15	-1.37856E-14	-5.04311E-16
48.5278	1.94406E-14	7.55947E-16	1.56413E-15	0	0	-2.60668E-15	-1.37644E-14	-5.02765E-16
48.6944	1.97793E-14	7.81681E-16	1.57192E-15	0	0	-2.65366E-15	-1.37492E-14	-5.02192E-16
48.8611	2.01071E-14	8.06205E-16	1.57942E-15	0	0	-2.69676E-15	-1.37379E-14	-5.02429E-16
48.9444	2.02671E-14	8.18028E-16	1.58307E-15	0	0	-2.7169E-15	-1.37333E-14	-5.02815E-16
49.1111	2.37466E-15	3.39372E-15	1.51983E-15	0	0	-1.69016E-15	-2.28195E-16	-7.51551E-19
49.1944	2.25835E-15	3.829E-15	1.78308E-15	0	0	-1.41823E-15	-1.86533E-16	-9.51751E-18
49.3611	1.94667E-15	4.76725E-15	2.08715E-15	0	0	-1.61978E-15	-1.53423E-16	-1.17166E-17
49.5278	1.64093E-15	5.22719E-15	2.2335E-15	0	0	-1.76175E-15	-1.31092E-16	-1.35932E-17
49.6944	1.43594E-15	5.55059E-15	2.33685E-15	0	0	-1.85689E-15	-1.15514E-16	-1.51079E-17
49.8611	1.29915E-15	5.80162E-15	2.41913E-15	0	0	-1.921E-15	-1.04449E-16	-1.66501E-17
50.0278	1.19879E-15	5.97217E-15	2.47211E-15	0	0	-1.96398E-15	-9.64875E-17	-1.75233E-17
50.1944	1.12918E-15	6.10188E-15	2.51392E-15	0	0	-1.99248E-15	-9.07282E-17	-1.84272E-17
50.3611	1.07935E-15	6.19366E-15	2.54413E-15	0	0	-2.01103E-15	-8.65535E-17	-1.92038E-17
50.5278	1.04356E-15	6.25598E-15	2.56545E-15	0	0	-2.02267E-15	-8.35308E-17	-1.9881E-17
50.6944	1.01786E-15	6.29568E-15	2.58E-15	0	0	-2.02951E-15	-8.13506E-17	-2.04807E-17
50.8611	9.9949E-16	6.31821E-15	2.58945E-15	0	0	-2.03298E-15	-7.97895E-17	-2.10207E-17
51.0278	9.86489E-16	6.32786E-15	2.59507E-15	0	0	-2.03405E-15	-7.86845E-17	-2.15151E-17
51.1944	9.77433E-16	6.32795E-15	2.59785E-15	0	0	-2.03343E-15	-7.79163E-17	-2.19746E-17
51.3611	9.71289E-16	6.321E-15	2.59853E-15	0	0	-2.03161E-15	-7.73972E-17	-2.24073E-17
51.5278	9.67302E-16	6.30894E-15	2.59768E-15	0	0	-2.02894E-15	-7.70629E-17	-2.28198E-17
51.6944	9.64916E-16	6.29322E-15	2.59572E-15	0	0	-2.02568E-15	-7.68657E-17	-2.32166E-17
51.8611	9.63721E-16	6.27491E-15	2.59296E-15	0	0	-2.022E-15	-7.67706E-17	-2.36014E-17
52.0278	9.63418E-16	6.25481E-15	2.58963E-15	0	0	-2.01806E-15	-7.67517E-17	-2.39768E-17
52.1944	9.6378E-16	6.23349E-15	2.58591E-15	0	0	-2.01393E-15	-7.67898E-17	-2.43446E-17
52.3611	9.64644E-16	6.21139E-15	2.58191E-15	0	0	-2.00971E-15	-7.68708E-17	-2.47065E-17
52.5278	9.65885E-16	6.18883E-15	2.57774E-15	0	0	-2.00543E-15	-7.6984E-17	-2.50635E-17
52.6944	9.67411E-16	6.16603E-15	2.57346E-15	0	0	-2.00114E-15	-7.71217E-17	-2.54163E-17
52.8611	9.69155E-16	6.14316E-15	2.56911E-15	0	-7.85703E-29	-1.99686E-15	-7.7278E-17	-2.57654E-17
53.0278	9.24885E-16	4.83666E-15	5.4405E-17	-9.43137E-16	-4.91466E-16	0	-5.4405E-17	-8.01674E-20
53.1944	7.24293E-16	4.45403E-15	1.92061E-15	-3.30081E-14	-1.66949E-14	-1.46976E-15	-5.74684E-17	-2.65697E-17
53.3611	6.11157E-16	3.59976E-15	1.61667E-15	-1.07252E-13	-6.90422E-14	-1.46931E-15	-5.78791E-17	-4.45936E-17
53.5278	5.6166E-16	3.17361E-15	1.47769E-15	-1.14947E-13	-1.24175E-13	-1.83369E-15	-7.28345E-17	-8.81176E-17
53.6944	5.39965E-16	2.94784E-15	1.41365E-15	-6.47604E-14	-1.07473E-13	-2.13714E-15	-8.56093E-17	-1.44898E-16
53.8611	0	2.84745E-15	1.33726E-15	-2.50219E-14	-4.96697E-14	-2.14561E-15	-8.63814E-17	-1.95528E-16
54.0278	5.57886E-16	2.85841E-15	1.44967E-15	-6.95301E-15	-1.38858E-14	-1.97713E-15	-8.04297E-17	-2.29665E-16
54.1944	5.94928E-16	2.9617E-15	1.54098E-15	-1.60455E-15	-2.77802E-15	-1.80119E-15	-7.37986E-17	-2.66339E-16
54.3611	6.44913E-16	3.13072E-15	1.66663E-15	-5.14965E-16	-6.21776E-16	-1.65843E-15	-6.84165E-17	-3.06549E-16
54.5278	7.04191E-16	3.34592E-15	1.81765E-15	-3.40714E-16	-2.95982E-16	-1.54821E-15	-6.42868E-17	-3.50851E-16
54.6944	7.70654E-16	3.59573E-15	1.98885E-15	-3.13652E-16	-2.36158E-16	-1.46246E-15	-6.1103E-17	-3.99011E-16
54.8611	8.43023E-16	3.87295E-15	2.17711E-15	-3.09797E-16	-2.13769E-16	-1.39483E-15	-5.86205E-17	-4.50852E-16
55.0278	9.20391E-16	4.17256E-15	2.38035E-15	-3.12378E-16	-2.00735E-16	-1.34094E-15	-5.66706E-17	-5.06287E-16
55.1944	1.00203E-15	4.49062E-15	2.59699E-15	-3.18546E-16	-1.92488E-16	-1.29774E-15	-5.51361E-17	-5.65278E-16
55.3611	1.08731E-15	4.82391E-15	2.82583E-15	-3.27306E-16	-1.8742E-16	-1.26307E-15	-5.39336E-17	-6.2781E-16
55.5278	1.17566E-15	5.16963E-15	3.06585E-15	-3.38124E-16	-1.84662E-16	-1.23533E-15	-5.3002E-17	-6.93879E-16
55.6944	1.26657E-15	5.52533E-15	3.31618E-15	-3.50682E-16	-1.8368E-16	-1.21335E-15	-5.22957E-17	-7.6349E-16
55.8611	1.35954E-15	5.88876E-15	3.57605E-15	-3.64785E-16	-1.84136E-16	-1.19622E-15	-5.178E-17	-8.36651E-16
56.0278	1.45411E-15	6.25788E-15	3.84478E-15	-3.80306E-16	-1.858E-16	-1.18324E-15	-5.1428E-17	-9.13365E-16
56.1944	1.54981E-15	6.63076E-15	4.12172E-15	-3.97161E-16	-1.88521E-16	-1.17386E-15	-5.12183E-17	-9.93634E-16
56.3611	1.64621E-15	7.00559E-15	4.40629E-15	-4.15296E-16	-1.92192E-16	-1.16763E-15	-5.11342E-17	-1.07746E-15
56.5278	1.74291E-15	7.38071E-15	4.69792E-15	-4.34674E-16	-1.96739E-16	-1.1642E-15	-5.1162E-17	-1.16482E-15
56.6944	1.8395E-15	7.75449E-15	4.99605E-15	-4.55267E-16	-2.02116E-16	-1.16327E-15	-5.12905E-17	-1.25571E-15
56.8611	1.9356E-15	8.12546E-15	5.30019E-15	-4.77058E-16	-2.08289E-16	-1.16459E-15	-5.15105E-17	-1.35009E-15
57.0278	2.03087E-15	8.49222E-15	5.60983E-15	-5.00026E-16	-2.15241E-16	-1.16797E-15	-5.18143E-17	-1.44792E-15
57.1944	2.12497E-15	8.85346E-15	5.92447E-15	-5.24156E-16	-2.22963E-16	-1.17322E-15	-5.21955E-17	-1.54916E-15
57.3611	2.2176E-15	9.20799E-15	6.24365E-15	-5.49431E-16	-2.31451E-16	-1.1802E-15	-5.26488E-17	-1.65374E-15
57.5278	2.30847E-15	9.5547E-15	6.5669E-15	-5.75827E-16	-2.40711E-16	-1.18878E-15	-5.31696E-17	-1.76157E-15
57.6944	2.39732E-15	9.89256E-15	6.89374E-15	-6.03318E-16	-2.5075E-16	-1.19885E-15	-5.37541E-17	-1.87256E-15
57.8611	2.48394E-15	1.02206E-14	7.22369E-15	-6.31869E-16	-2.61581E-16	-1.21032E-15	-5.4399E-17	-1.9866E-15
58.0278	2.56809E-15	1.05381E-14	7.55627E-15	-6.61441E-16	-2.73216E-16	-1.2231E-15	-5.51016E-17	-2.10355E-15
58.1944	2.6496E-15	1.08441E-14	7.89096E-15	-6.91989E-16	-2.85673E-16	-1.23712E-15	-5.58596E-17	-2.22324E-15
58.3611	2.72818E-15	1.11379E-14	8.22669E-15	-7.23455E-16	-2.98969E-16	-1.25233E-15	-5.66714E-17	-2.34562E-15
58.5278	2.804E-15	1.1419E-14	8.56445E-15	-7.55773E-16	-3.13123E-16	-1.26865E-15	-5.75352E-17	-2.47012E-15
58.6944	2.87659E-15	1.16867E-14	8.90201E-15	-7.88868E-16	-3.28151E-16	-1.28605E-15	-5.84503E-17	-2.59684E-15
58.8611	2.94593E-15	1.19403E-14	9.23923E-15	-8.22658E-16	-3.44074E-16	-1.30451E-15	-5.94157E-17	-2.7254E-15
59.0278	3.0119E-15	1.21795E-14	9.57532E-15	-8.57045E-16	-3.6091E-16	-1.32397E-15	-6.0431E-17	-2.85549E-15
59.0833	3.03734E-15	1.22709E-14	9.70916E-15	-8.70944E-16	-3.67903E-16	-1.33204E-15	-6.08511E-17	-2.90793E-15
59.25	6.50633E-15	2.49653E-14	1.79014E-14	-4.46589E-15	-5.93E-16	-1.85997E-15	-1.07956E-16	-4.42162E-15
59.3333	1.09158E-13	5.65364E-16	3.27178E-14	-1.02349E-13	-2.03068E-15	-1.58309E-16	-7.65406E-15	-2.25316E-14
59.5	1.13108E-13	2.76751E-15	2.46333E-14	-2.75296E-13	-3.61012E-15	-6.61986E-16	-6.71271E-15	-3.66384E-15
59.6667	1.11797E-13	4.45725E-15	2.25994E-14	-1.80784E-13	-1.7494E-15	-9.09648E-16	-5.57925E-15	-3.17371E-15
59.8333	1.13281E-13	6.06939E-15	2.22491E-14	-1.49166E-13	-1.22784E-15	-1.07752E-15	-4.89052E-15	-3.15208E-15
60	1.14187E-13	7.88371E-15	2.2644E-14	-1.29646E-13	-9.36806E-16	-1.24378E-15	-4.36506E-15	-3.30302E-15
60.1667	1.14192E-13	9.91427E-15	2.33363E-14	-1.1623E-13	-7.48898E-16	-1.41597E-15	-3.94137E-15	-3.50506E-15
60.3333	1.13399E-13	1.20842E-14	2.41401E-14	-1.07251E-13	-6.25234E-16	-1.5901E-15	-3.59933E-15	-3.73081E-15
60.5	1.11985E-13	1.43021E-14	2.49821E-14	-1.01213E-13	-5.4152E-16	-1.76288E-15	-3.32508E-15	-3.9653E-15
60.6389	1.10715E-13	1.58401E-14	2.55735E-14	-9.81975E-14	-4.98762E-16	-1.88215E-15	-3.16669E-15	-4.12907E-15
60.8056	5.11458E-15	9.38519E-15	1.00625E-14	-6.90549E-16	-3.56561E-16	-1.26187E-15	-1.38089E-16	-1.26106E-15
60.8889	5.10582E-15	8.67556E-15	8.46611E-15	-4.60577E-16	-3.70778E-16	-1.20035E-15	-1.30172E-16	-1.38798E-15
61.0556	4.11304E-15	9.42091E-15	8.37871E-15	-5.40405E-16	-3.33803E-16	-1.25415E-15	-1.01274E-16	-1.48461E-15
61.2222	3.44536E-15	9.83361E-15	8.44216E-15	-6.02734E-16	-3.04144E-16	-1.27933E-15	-8.31362E-17	-1.53904E-15
61.3889	3.01111E-15	1.01122E-14	8.57254E-15	-6.37015E-16	-2.77328E-16	-1.2993E-15	-7.18891E-17	-1.58463E-15
61.5556	2.72264E-15	1.03154E-14	8.73403E-15	-6.60708E-16	-2.58692E-16	-1.31858E-15	-6.47359E-17	-1.62751E-15
61.7222	2.52843E-15	1.04691E-14	8.90664E-15	-6.86083E-16	-2.49694E-16	-1.33898E-15	-6.0195E-17	-1.67032E-15
61.8889	2.39668E-15	1.05857E-14	9.07732E-15	-7.18077E-16	-2.49456E-16	-1.36166E-15	-5.7411E-17	-1.71357E-15
62.0556	2.30666E-15	1.06702E-14	9.23709E-15	-7.56441E-16	-2.56209E-16	-1.38709E-15	-5.58554E-17	-1.75675E-15
62.2222	2.24431E-15	1.07243E-14	9.37926E-15	-7.98673E-16	-2.6817E-16	-1.4154E-15	-5.51852E-17	-1.79886E-15
62.3889	2.19997E-15	1.07482E-14	9.49898E-15	-8.42043E-16	-2.83921E-16	-1.44656E-15	-5.51717E-17	-1.83879E-15
62.5556	2.16684E-15	1.07419E-14	9.59279E-15	-8.84417E-16	-3.02462E-16	-1.48052E-15	-5.56585E-17	-1.87544E-15
62.7222	2.14013E-15	1.07057E-14	9.65841E-15	-9.24433E-16	-3.23147E-16	-1.51723E-15	-5.65378E-17	-1.90785E-15
62.8889	2.11647E-15	1.064E-14	9.69436E-15	-9.61321E-16	-3.45587E-16	-1.55667E-15	-5.7736E-17	-1.93523E-15
63.0556	2.09347E-15	1.05456E-14	9.69984E-15	-9.94718E-16	-3.69569E-16	-1.5989E-15	-5.92033E-17	-1.95689E-15
63.2222	2.06946E-15	1.04234E-14	9.67453E-15	-1.0245E-15	-3.95003E-16	-1.64404E-15	-6.0908E-17	-1.9723E-15
63.3889	2.0433E-15	1.02745E-14	9.61849E-15	-1.05065E-15	-4.2188E-16	-1.69229E-15	-6.28318E-17	-1.98101E-15
63.5556	2.01423E-15	1.01005E-14	9.53213E-15	-1.07324E-15	-4.5026E-16	-1.74395E-15	-6.49676E-17	-1.98272E-15
63.7222	1.98178E-15	9.90287E-15	9.41615E-15	-1.09235E-15	-4.80257E-16	-1.79938E-15	-6.73176E-17	-1.9772E-15
63.8889	1.94571E-15	9.6833E-15	9.27156E-15	-1.10809E-15	-5.12045E-16	-1.85909E-15	-6.98929E-17	-1.96432E-15
64.0556	1.90594E-15	9.44369E-15	9.09959E-15	-1.12057E-15	-5.45864E-16	-1.92372E-15	-7.2713E-17	-1.94406E-15
64.2222	1.86252E-15	9.1861E-15	8.90178E-15	-1.12992E-15	-5.82026E-16	-1.99407E-15	-7.58066E-17	-1.91648E-15
64.3889	1.81561E-15	8.91275E-15	8.67989E-15	-1.13628E-15	-6.20948E-16	-2.07117E-15	-7.92138E-17	-1.88171E-15
64.5556	1.76547E-15	8.62606E-15	8.43598E-15	-1.13985E-15	-6.63165E-16	-2.15637E-15	-8.29881E-17	-1.84E-15
64.7222	1.71243E-15	8.32863E-15	8.17234E-15	-1.1408E-15	-7.09374E-16	-2.2514E-15	-8.72005E-17	-1.79167E-15
64.8889	1.65692E-15	8.02335E-15	7.89158E-15	-1.1394E-15	-7.60483E-16	-2.35853E-15	-9.1946E-17	-1.7371E-15
65.0556	1.59942E-15	7.71335E-15	7.59658E-15	-1.13591E-15	-8.17672E-16	-2.48083E-15	-9.73523E-17	-1.67677E-15
65.2222	1.54053E-15	7.40223E-15	7.29056E-15	-1.13065E-15	-8.82465E-16	-2.62245E-15	-1.03595E-16	-1.61123E-15
65.3889	1.48096E-15	7.09411E-15	6.97719E-15	-1.12395E-15	-9.56831E-16	-2.78923E-15	-1.10917E-16	-1.54108E-15
65.5556	1.42155E-15	6.79398E-15	6.66069E-15	-1.11606E-15	-1.0432E-15	-2.98946E-15	-1.1967E-16	-1.467E-15
65.7222	1.36341E-15	6.50811E-15	6.3461E-15	-1.107E-15	-1.14436E-15	-3.23542E-15	-1.30369E-16	-1.38972E-15
65.8889	1.30801E-15	6.24498E-15	6.03977E-15	-1.09603E-15	-1.26274E-15	-3.54578E-15	-1.43801E-16	-1.31006E-15
66.0556	1.25742E-15	6.01675E-15	5.75022E-15	-1.08047E-15	-1.39813E-15	-3.95021E-15	-1.61213E-16	-1.22892E-15
66.2222	1.21483E-15	5.8423E-15	5.48987E-15	-1.05285E-15	-1.54102E-15	-4.49776E-15	-1.84669E-16	-1.14735E-15
66.3889	1.18546E-15	5.75287E-15	5.27822E-15	-9.94855E-16	-1.65547E-15	-5.27334E-15	-2.1773E-16	-1.06661E-15
66.5556	1.17824E-15	5.80273E-15	5.14784E-15	-8.6782E-16	-1.64421E-15	-6.42874E-15	-2.66755E-16	-9.88221E-16
66.7222	1.20769E-15	6.0829E-15	5.15096E-15	-6.15114E-16	-1.32242E-15	-8.22834E-15	-3.4277E-16	-9.13383E-16
66.8889	1.28984E-15	6.70192E-15	5.34518E-15	-2.47416E-16	-5.9953E-16	-1.10126E-14	-4.59792E-16	-8.4014E-16
67.0556	1.41225E-15	7.58821E-15	5.69321E-15	-1.46966E-17	-4.0342E-17	-1.44828E-14	-6.04647E-16	-7.69367E-16
67.2222	1.46847E-15	8.02188E-15	5.8377E-15	0	-4.22983E-26	-1.59926E-14	-6.66482E-16	-7.24496E-16
67.3889	1.46126E-15	8.31363E-15	3.91805E-15	0	0	-1.54396E-14	-6.55519E-16	-1.07025E-18
67.5556	1.46373E-15	8.03047E-15	5.74679E-15	0	0	-1.54625E-14	-6.43313E-16	-6.81583E-16
67.7222	1.46719E-15	8.04967E-15	5.72533E-15	0	0	-1.51392E-14	-6.30044E-16	-6.65222E-16
67.8889	1.47062E-15	8.06356E-15	5.7057E-15	0	0	-1.47961E-14	-6.16236E-16	-6.49228E-16
68.0556	1.47355E-15	8.07153E-15	5.68567E-15	0	0	-1.44378E-14	-6.02002E-16	-6.32885E-16
68.2222	1.47586E-15	8.09817E-15	5.55805E-15	0	0	-1.40772E-14	-5.87561E-16	-6.14309E-16
68.3889	1.48164E-15	8.07015E-15	5.63838E-15	0	0	-1.36949E-14	-5.72807E-16	-5.9912E-16
68.5556	1.48236E-15	8.01852E-15	4.34775E-15	0	0	-1.30301E-14	-5.60263E-16	-8.91926E-19
68.7222	1.47922E-15	8.04972E-15	5.5935E-15	0	0	-1.29436E-14	-5.43468E-16	-5.67592E-16
68.8889	1.4786E-15	8.03388E-15	5.56251E-15	0	0	-1.2572E-14	-5.28987E-16	-5.50824E-16
69.0556	1.47893E-15	8.01501E-15	5.54021E-15	0	0	-1.2206E-14	-5.14724E-16	-5.35882E-16
69.2222	1.4782E-15	7.99355E-15	5.51225E-15	0	0	-1.18468E-14	-5.00732E-16	-5.20447E-16
69.3889	1.47716E-15	7.96991E-15	5.4836E-15	0	0	-1.14958E-14	-4.87052E-16	-5.05346E-16
69.5556	1.47498E-15	7.80221E-15	5.43473E-15	0	0	-1.11031E-14	-4.75118E-16	-3.07914E-16
69.7222	1.47433E-15	7.91743E-15	5.42487E-15	0	0	-1.08212E-14	-4.60739E-16	-4.76264E-16
69.8889	1.47262E-15	7.88915E-15	5.39502E-15	0	0	-1.04987E-14	-4.48146E-16	-4.62324E-16
70.0556	1.47076E-15	7.85982E-15	5.36501E-15	0	0	-1.01864E-14	-4.35943E-16	-4.48804E-16
70.2222	1.46877E-15	7.82969E-15	5.335E-15	0	0	-9.88451E-15	-4.24137E-16	-4.35757E-16
70.3889	1.46669E-15	7.79871E-15	5.30477E-15	0	0	-9.59315E-15	-4.12731E-16	-4.23051E-16
70.5556	1.46453E-15	7.76724E-15	5.27469E-15	0	0	-9.31218E-15	-4.01724E-16	-4.10822E-16
70.7222	1.46231E-15	7.73534E-15	5.24472E-15	0	0	-9.04154E-15	-3.91111E-16	-3.99021E-16
70.7778	1.4614E-15	7.72246E-15	5.23277E-15	0	0	-8.93613E-15	-3.86976E-16	-3.94422E-16
70.9444	2.082E-15	8.98438E-15	6.74189E-15	0	0	-9.7421E-15	-5.15078E-16	-5.28985E-16
71.0278	3.83244E-14	4.26211E-16	7.88991E-15	0	0	-1.03773E-15	-2.43492E-14	-1.5674E-14
71.1944	2.31527E-14	8.95863E-16	3.51134E-15	0	0	-3.11267E-15	-2.00183E-14	-6.96539E-16
71.3611	1.765E-14	7.25901E-16	2.60137E-15	0	0	-3.11819E-15	-1.64998E-14	-5.73075E-16
71.5278	1.6461E-14	6.64605E-16	2.2934E-15	0	0	-2.97229E-15	-1.50487E-14	-5.12403E-16
71.6944	1.63696E-14	6.63182E-16	2.19677E-15	0	0	-2.92171E-15	-1.43963E-14	-4.81914E-16
71.8611	1.65764E-14	6.81569E-16	2.17065E-15	0	0	-2.93054E-15	-1.40904E-14	-4.67209E-16
72.0278	1.68639E-14	7.05954E-16	2.16749E-15	0	0	-2.96609E-15	-1.39384E-14	-4.59597E-16
72.1944	1.71685E-14	7.31746E-16	2.17137E-15	0	0	-3.01155E-15	-1.38548E-14	-4.55254E-16
72.3611	1.74713E-14	7.57415E-16	2.17702E-15	0	0	-3.05924E-15	-1.38024E-14	-4.52586E-16
72.5278	1.7767E-14	7.82439E-16	2.18277E-15	0	0	-3.10581E-15	-1.37647E-14	-4.50907E-16
72.6944	1.80542E-14	8.06645E-16	2.1881E-15	0	0	-3.14993E-15	-1.37346E-14	-4.49903E-16
72.8611	1.8333E-14	8.2999E-16	2.19292E-15	0	0	-3.19117E-15	-1.3709E-14	-4.49419E-16
72.9444	1.84694E-14	8.41339E-16	2.19513E-15	0	0	-3.21069E-15	-1.36974E-14	-4.49343E-16
73.1111	2.44998E-15	3.87555E-15	2.36115E-15	0	0	-1.97374E-15	-2.75098E-16	-1.23994E-17
73.1944	2.60801E-15	4.52054E-15	2.52563E-15	0	0	-1.69494E-15	-2.23686E-16	-1.17608E-17
73.3611	2.2288E-15	5.59448E-15	2.88896E-15	0	0	-1.90649E-15	-1.80473E-16	-1.42578E-17
73.5278	1.88627E-15	6.12938E-15	3.05743E-15	0	0	-2.0562E-15	-1.53415E-16	-1.63865E-17
73.6944	1.66042E-15	6.49685E-15	3.17341E-15	0	0	-2.1536E-15	-1.3519E-16	-1.8141E-17
73.8611	1.50875E-15	6.76048E-15	3.25667E-15	0	0	-2.21675E-15	-1.22616E-16	-1.95378E-17
74.0278	1.40487E-15	6.94847E-15	3.31646E-15	0	0	-2.25709E-15	-1.13819E-16	-2.06909E-17
74.1944	1.33273E-15	7.07912E-15	3.35876E-15	0	0	-2.28215E-15	-1.07614E-16	-2.16615E-17
74.3611	1.2743E-15	7.16638E-15	3.38616E-15	0	0	-2.29685E-15	-1.03223E-16	-2.22222E-17
74.5278	1.24676E-15	7.22121E-15	3.40767E-15	0	0	-2.30501E-15	-1.00113E-16	-2.31855E-17
74.6944	1.2218E-15	7.25209E-15	3.42018E-15	0	0	-2.30846E-15	-9.79148E-17	-2.38164E-17
74.8611	1.2043E-15	7.2655E-15	3.42751E-15	0	0	-2.30889E-15	-9.63693E-17	-2.43887E-17
75.0278	1.19209E-15	7.26632E-15	3.43111E-15	0	0	-2.30733E-15	-9.52933E-17	-2.49189E-17
75.1944	1.18366E-15	7.25816E-15	3.43202E-15	0	0	-2.30452E-15	-9.45567E-17	-2.54188E-17
75.3611	1.17794E-15	7.24367E-15	3.43102E-15	0	0	-2.30092E-15	-9.40665E-17	-2.58972E-17
75.5278	1.17417E-15	7.22477E-15	3.42867E-15	0	0	-2.29688E-15	-9.37563E-17	-2.63606E-17
75.6944	1.1718E-15	7.20286E-15	3.42538E-15	0	0	-2.29261E-15	-9.35782E-17	-2.68134E-17
75.8611	1.17045E-15	7.17893E-15	3.42144E-15	0	0	-2.28827E-15	-9.3498E-17	-2.72587E-17
76.0278	1.16983E-15	7.1537E-15	3.41706E-15	0	0	-2.28396E-15	-9.34906E-17	-2.76987E-17
76.1944	1.16976E-15	7.12768E-15	3.41239E-15	0	0	-2.27974E-15	-9.35382E-17	-2.81352E-17
76.3611	1.17009E-15	7.10123E-15	3.40754E-15	0	0	-2.27565E-15	-9.36275E-17	-2.85689E-17
76.5278	1.17071E-15	7.0746E-15	3.40257E-15	0	0	-2.27171E-15	-9.37489E-17	-2.90006E-17
76.6944	1.17155E-15	7.04797E-15	3.39754E-15	0	0	-2.26793E-15	-9.38954E-17	-2.94307E-17
76.8611	1.17256E-15	7.02145E-15	3.39249E-15	0	-8.45744E-32	-2.26431E-15	-9.40616E-17	-2.98593E-17
77.0278	1.11851E-15	6.65577E-15	3.23659E-15	-7.96532E-16	-4.3128E-16	-2.14264E-15	-8.93225E-17	-2.95266E-17
77.1944	9.06295E-16	5.27801E-15	2.64696E-15	-3.34284E-14	-1.7414E-14	-1.73077E-15	-7.24908E-17	-3.06801E-17
77.3611	7.59566E-16	4.22201E-15	2.24411E-15	-1.15475E-13	-7.44854E-14	-1.70328E-15	-7.17587E-17	-5.02866E-17
77.5278	6.83483E-16	3.60955E-15	2.03925E-15	-1.29498E-13	-1.36041E-13	-2.07209E-15	-8.78895E-17	-9.7159E-17
77.6944	6.51382E-16	3.29802E-15	1.95613E-15	-7.47143E-14	-1.19691E-13	-2.38754E-15	-1.01983E-16	-1.60421E-16
77.8611	6.53468E-16	3.19774E-15	1.96911E-15	-2.90236E-14	-5.57966E-14	-2.38051E-15	-1.02349E-16	-2.16081E-16
78.0278	6.84848E-16	3.2556E-15	2.06656E-15	-8.06796E-15	-1.56077E-14	-2.19481E-15	-9.49351E-17	-2.61815E-16
78.1944	7.39125E-16	3.42669E-15	2.23222E-15	-1.91433E-15	-3.154E-15	-1.99617E-15	-8.68374E-17	-3.06834E-16
78.3611	8.09304E-16	3.67298E-15	2.44751E-15	-6.82548E-16	-7.63766E-16	-1.83618E-15	-8.03133E-17	-3.55821E-16
78.5278	8.90768E-16	3.97096E-15	2.69941E-15	-4.89236E-16	-4.01984E-16	-1.71356E-15	-7.53371E-17	-4.09487E-16
78.6944	9.8091E-16	4.30737E-15	2.98118E-15	-4.61639E-16	-3.31649E-16	-1.61892E-15	-7.15268E-17	-4.67494E-16
78.8611	1.07814E-15	4.67416E-15	3.28763E-15	-4.61458E-16	-3.0395E-16	-1.54502E-15	-6.85798E-17	-5.29724E-16
79.0278	1.18134E-15	5.06567E-15	3.61591E-15	-4.69612E-16	-2.87935E-16	-1.48685E-15	-6.62894E-17	-5.96046E-16
79.1944	1.28962E-15	5.4776E-15	3.96373E-15	-4.82565E-16	-2.78125E-16	-1.44094E-15	-6.45125E-17	-6.66422E-16
79.3611	1.40223E-15	5.90647E-15	4.32934E-15	-4.99016E-16	-2.72477E-16	-1.40484E-15	-6.31472E-17	-7.40849E-16
79.5278	1.51852E-15	6.34928E-15	4.7113E-15	-5.18278E-16	-2.69883E-16	-1.37676E-15	-6.21192E-17	-8.19347E-16
79.6944	1.63788E-15	6.80343E-15	5.10839E-15	-5.39953E-16	-2.69673E-16	-1.35536E-15	-6.13731E-17	-9.0195E-16
79.8611	1.75973E-15	7.26656E-15	5.51954E-15	-5.63805E-16	-2.71421E-16	-1.33963E-15	-6.08671E-17	-9.88697E-16
80.0278	1.88355E-15	7.73648E-15	5.94376E-15	-5.89688E-16	-2.74847E-16	-1.32878E-15	-6.05685E-17	-1.07963E-15
80.1944	2.00882E-15	8.21115E-15	6.38016E-15	-6.17517E-16	-2.79768E-16	-1.3222E-15	-6.0452E-17	-1.17479E-15
80.3611	2.13505E-15	8.68866E-15	6.82789E-15	-6.47247E-16	-2.86059E-16	-1.3194E-15	-6.04973E-17	-1.27422E-15
80.5278	2.26175E-15	9.16719E-15	7.28609E-15	-6.78844E-16	-2.93641E-16	-1.31998E-15	-6.0688E-17	-1.37794E-15
80.6944	2.38844E-15	9.64501E-15	7.75359E-15	-7.12298E-16	-3.02463E-16	-1.32361E-15	-6.10109E-17	-1.48592E-15
80.8611	2.51477E-15	1.01205E-14	8.23074E-15	-7.47596E-16	-3.12498E-16	-1.33003E-15	-6.14548E-17	-1.59837E-15
81.0278	2.64024E-15	1.0592E-14	8.7156E-15	-7.84736E-16	-3.23736E-16	-1.339E-15	-6.20106E-17	-1.71508E-15
81.1944	2.76449E-15	1.10582E-14	9.20775E-15	-8.23709E-16	-3.36178E-16	-1.35034E-15	-6.26706E-17	-1.83611E-15
81.3611	2.88715E-15	1.15177E-14	9.70639E-15	-8.645E-16	-3.49837E-16	-1.36388E-15	-6.34282E-17	-1.96142E-15
81.5278	3.00787E-15	1.19691E-14	1.02107E-14	-9.07093E-16	-3.64732E-16	-1.37948E-15	-6.42779E-17	-2.09096E-15
81.6944	3.12635E-15	1.24112E-14	1.07199E-14	-9.51463E-16	-3.80889E-16	-1.39702E-15	-6.5215E-17	-2.22467E-15
81.8611	3.24227E-15	1.2843E-14	1.12331E-14	-9.97567E-16	-3.98338E-16	-1.41638E-15	-6.62352E-17	-2.36244E-15
82.0278	3.35537E-15	1.32632E-14	1.17495E-14	-1.04536E-15	-4.17115E-16	-1.43747E-15	-6.73352E-17	-2.50416E-15
82.1944	3.46539E-15	1.3671E-14	1.2268E-14	-1.09478E-15	-4.37257E-16	-1.46022E-15	-6.85118E-17	-2.64966E-15
82.3611	3.5721E-15	1.40654E-14	1.27878E-14	-1.14574E-15	-4.58802E-16	-1.48454E-15	-6.97627E-17	-2.79877E-15
82.5278	3.67528E-15	1.44454E-14	1.33078E-14	-1.19816E-15	-4.81789E-16	-1.51037E-15	-7.10858E-17	-2.95127E-15
82.6944	3.77473E-15	1.48103E-14	1.38268E-14	-1.25193E-15	-5.06261E-16	-1.53766E-15	-7.24792E-17	-3.10689E-15
82.8611	3.87024E-15	1.51592E-14	1.43436E-14	-1.30692E-15	-5.32256E-16	-1.56635E-15	-7.39418E-17	-3.26532E-15
83.0278	3.96162E-15	1.54913E-14	1.4857E-14	-1.36299E-15	-5.59815E-16	-1.59641E-15	-7.54726E-17	-3.42623E-15
83.0833	3.99697E-15	1.56192E-14	1.50611E-14	-1.38569E-15	-5.71285E-16	-1.60882E-15	-7.61038E-17	-3.49119E-15
83.25	8.32466E-15	2.97691E-14	2.64502E-14	-6.64279E-15	-8.99553E-16	-2.19477E-15	-1.43264E-16	-5.2304E-15
83.3333	1.26538E-13	1.04496E-15	4.39076E-14	-1.47185E-13	-3.25043E-15	-3.0498E-16	-9.16648E-15	-5.23424E-15
83.5	1.02972E-13	3.68837E-15	3.27897E-14	-2.78335E-13	-3.95529E-15	-1.02276E-15	-7.04531E-15	-3.59251E-15
83.6667	1.00898E-13	5.41325E-15	3.06641E-14	-1.94809E-13	-2.06137E-15	-1.27174E-15	-5.78643E-15	-3.37576E-15
83.8333	1.01601E-13	7.06398E-15	3.04634E-14	-1.63016E-13	-1.45648E-15	-1.43264E-15	-5.00652E-15	-3.39828E-15
84	1.01776E-13	8.88698E-15	3.09167E-14	-1.41797E-13	-1.09782E-15	-1.58802E-15	-4.40433E-15	-3.5141E-15
84.1667	1.01278E-13	1.0861E-14	3.15568E-14	-1.27162E-13	-8.67388E-16	-1.7426E-15	-3.92587E-15	-3.66288E-15
84.3333	1.00232E-13	1.29153E-14	3.22408E-14	-1.17084E-13	-7.1504E-16	-1.89428E-15	-3.54553E-15	-3.82716E-15
84.5	9.87729E-14	1.4979E-14	3.29227E-14	-1.10036E-13	-6.10936E-16	-2.04202E-15	-3.24328E-15	-3.99627E-15
84.6389	9.75637E-14	1.63973E-14	3.33861E-14	-1.06371E-13	-5.57178E-16	-2.14309E-15	-3.0691E-15	-4.11347E-15
84.8056	5.86464E-15	1.05213E-14	1.37471E-14	-9.69092E-16	-4.73525E-16	-1.42394E-15	-1.59579E-16	-1.46034E-15
84.8889	5.89377E-15	9.96829E-15	1.16444E-14	-6.67791E-16	-4.98965E-16	-1.37043E-15	-1.48972E-16	-1.60388E-15
85.0556	4.7665E-15	1.08792E-14	1.15472E-14	-7.88161E-16	-4.53095E-16	-1.43601E-15	-1.16336E-16	-1.71471E-15
85.2222	4.02078E-15	1.13867E-14	1.16379E-14	-8.77671E-16	-4.14685E-16	-1.47153E-15	-9.63277E-17	-1.78111E-15
85.3889	3.54638E-15	1.17385E-14	1.18189E-14	-9.25886E-16	-3.80714E-16	-1.50159E-15	-8.42424E-17	-1.83763E-15
85.5556	3.24042E-15	1.20057E-14	1.20446E-14	-9.5893E-16	-3.58226E-16	-1.53108E-15	-7.68315E-17	-1.89183E-15
85.7222	3.04213E-15	1.22182E-14	1.22869E-14	-9.94451E-16	-3.48975E-16	-1.5622E-15	-7.23778E-17	-1.94635E-15
85.8889	2.91393E-15	1.23894E-14	1.25281E-14	-1.03925E-15	-3.51656E-16	-1.59596E-15	-6.98908E-17	-2.00157E-15
86.0556	2.83138E-15	1.25237E-14	1.27553E-14	-1.09287E-15	-3.63852E-16	-1.63272E-15	-6.87614E-17	-2.05665E-15
86.2222	2.77807E-15	1.26222E-14	1.2959E-14	-1.15193E-15	-3.83187E-16	-1.67253E-15	-6.8598E-17	-2.11026E-15
86.3889	2.74279E-15	1.26846E-14	1.31322E-14	-1.2128E-15	-4.07772E-16	-1.71535E-15	-6.91419E-17	-2.161E-15
86.5556	2.71782E-15	1.27105E-14	1.32701E-14	-1.27265E-15	-4.36278E-16	-1.76109E-15	-7.0219E-17	-2.20759E-15
86.7222	2.69782E-15	1.27E-14	1.33692E-14	-1.32967E-15	-4.6784E-16	-1.80975E-15	-7.17122E-17	-2.24893E-15
86.8889	2.67909E-15	1.26533E-14	1.34276E-14	-1.38278E-15	-5.01936E-16	-1.86136E-15	-7.35431E-17	-2.28411E-15
87.0556	2.65908E-15	1.25713E-14	1.34439E-14	-1.43142E-15	-5.38282E-16	-1.91603E-15	-7.56611E-17	-2.31235E-15
87.2222	2.6361E-15	1.24549E-14	1.34177E-14	-1.47535E-15	-5.76757E-16	-1.97396E-15	-7.80357E-17	-2.33306E-15
87.3889	2.60899E-15	1.23055E-14	1.33489E-14	-1.51447E-15	-6.17359E-16	-2.03543E-15	-8.06517E-17	-2.34573E-15
87.5556	2.57704E-15	1.21244E-14	1.32379E-14	-1.54876E-15	-6.60176E-16	-2.10081E-15	-8.35062E-17	-2.34999E-15
87.7222	2.53985E-15	1.19135E-14	1.30857E-14	-1.57827E-15	-7.05379E-16	-2.17057E-15	-8.66068E-17	-2.34558E-15
87.8889	2.49726E-15	1.16745E-14	1.28934E-14	-1.60306E-15	-7.53219E-16	-2.24534E-15	-8.99708E-17	-2.33235E-15
88.0556	2.44927E-15	1.14096E-14	1.26627E-14	-1.62322E-15	-8.04041E-16	-2.32589E-15	-9.36257E-17	-2.31022E-15
88.2222	2.39598E-15	1.11211E-14	1.23955E-14	-1.63887E-15	-8.58298E-16	-2.4132E-15	-9.76098E-17	-2.27931E-15
88.3889	2.33783E-15	1.08115E-14	1.20943E-14	-1.65016E-15	-9.16582E-16	-2.50852E-15	-1.01975E-16	-2.23959E-15
88.5556	2.27501E-15	1.04836E-14	1.17615E-14	-1.65726E-15	-9.79662E-16	-2.61345E-15	-1.06789E-16	-2.19146E-15
88.7222	2.20804E-15	1.01404E-14	1.14003E-14	-1.66042E-15	-1.04853E-15	-2.73006E-15	-1.12142E-16	-2.13522E-15
88.8889	2.13748E-15	9.78529E-15	1.10142E-14	-1.65991E-15	-1.12448E-15	-2.86108E-15	-1.18153E-16	-2.07128E-15
89.0556	2.06396E-15	9.42202E-15	1.06068E-14	-1.65607E-15	-1.20918E-15	-3.01016E-15	-1.24982E-16	-2.00018E-15
89.2222	1.98824E-15	9.05484E-15	1.01825E-14	-1.64927E-15	-1.30479E-15	-3.18228E-15	-1.32847E-16	-1.92252E-15
89.3889	1.91124E-15	8.68874E-15	9.74619E-15	-1.6399E-15	-1.41405E-15	-3.38437E-15	-1.42053E-16	-1.83897E-15
89.5556	1.83403E-15	8.32973E-15	9.30342E-15	-1.62823E-15	-1.54034E-15	-3.6263E-15	-1.53033E-16	-1.75031E-15
89.7222	1.75802E-15	7.98547E-15	8.86093E-15	-1.61411E-15	-1.68743E-15	-3.92262E-15	-1.66428E-16	-1.65736E-15
89.8889	1.68506E-15	7.66625E-15	8.42716E-15	-1.5963E-15	-1.85838E-15	-4.29544E-15	-1.83208E-16	-1.56105E-15
90.0556	1.61779E-15	7.38692E-15	8.01346E-15	-1.57066E-15	-2.05217E-15	-4.77963E-15	-2.04905E-16	-1.4624E-15
90.2222	1.56024E-15	7.17044E-15	7.63629E-15	-1.52619E-15	-2.25388E-15	-5.43259E-15	-2.34036E-16	-1.3626E-15
90.3889	1.51898E-15	7.05464E-15	7.32143E-15	-1.43644E-15	-2.41009E-15	-6.35261E-15	-2.74906E-16	-1.2631E-15
90.5556	1.50511E-15	7.10455E-15	7.11146E-15	-1.24655E-15	-2.37972E-15	-7.71237E-15	-3.35063E-16	-1.16566E-15
90.7222	1.88425E-15	7.42681E-15	7.29214E-15	-8.7791E-16	-1.90023E-15	-9.80405E-15	-4.2714E-16	-1.07054E-15
90.8889	1.63064E-15	8.13735E-15	7.27454E-15	-3.50319E-16	-8.53762E-16	-1.29568E-14	-5.65456E-16	-9.79695E-16
91.0556	1.76634E-15	9.11199E-15	7.64541E-15	-2.05285E-17	-5.66102E-17	-1.67009E-14	-7.2853E-16	-8.91213E-16
91.2222	1.82237E-15	9.55046E-15	7.76569E-15	0	-4.95243E-26	-1.81652E-14	-7.90966E-16	-8.3677E-16
91.3889	1.81516E-15	9.54572E-15	7.67674E-15	0	0	-1.78701E-14	-7.77088E-16	-8.0683E-16
91.5556	1.81738E-15	9.57133E-15	7.63051E-15	0	0	-1.75158E-14	-7.61241E-16	-7.85359E-16
91.7222	1.82128E-15	9.59831E-15	7.59637E-15	0	0	-1.71345E-14	-7.44635E-16	-7.64796E-16
91.8889	1.82487E-15	9.61912E-15	7.56548E-15	0	0	-1.67315E-14	-7.27373E-16	-7.44185E-16
92.0556	1.82773E-15	9.63261E-15	7.53509E-15	0	0	-1.63129E-14	-7.09631E-16	-7.23587E-16
92.2222	1.82974E-15	9.63906E-15	7.50407E-15	0	0	-1.58847E-14	-6.91608E-16	-7.03127E-16
92.3889	1.83091E-15	9.63909E-15	7.4719E-15	0	0	-1.54523E-14	-6.73488E-16	-6.82902E-16
92.5556	1.8313E-15	9.6334E-15	7.43839E-15	0	0	-1.50199E-14	-6.55428E-16	-6.62986E-16
92.7222	1.83097E-15	9.62268E-15	7.40355E-15	0	0	-1.4591E-14	-6.37554E-16	-6.43445E-16
92.8889	1.82616E-15	9.89619E-15	7.12925E-15	0	0	-1.40196E-14	-6.22102E-16	-8.25592E-16
93.0556	1.81945E-15	9.58868E-15	7.322E-15	0	0	-1.37535E-14	-6.02737E-16	-6.04635E-16
93.2222	1.79917E-15	9.56648E-15	7.11431E-15	0	0	-1.33501E-14	-5.85928E-16	-5.86317E-16
93.3889	1.82408E-15	9.54151E-15	7.25333E-15	0	0	-1.29552E-14	-5.69585E-16	-5.69958E-16
93.5556	1.82138E-15	9.5152E-15	7.23372E-15	0	0	-1.25601E-14	-5.53672E-16	-5.4063E-16
93.7222	1.81825E-15	9.48459E-15	7.17394E-15	0	0	-1.22031E-14	-5.38391E-16	-5.36437E-16
93.8889	1.81493E-15	9.45334E-15	7.13371E-15	0	0	-1.18456E-14	-5.23574E-16	-5.20532E-16
94.0556	1.81141E-15	9.42059E-15	7.09327E-15	0	0	-1.15009E-14	-5.09286E-16	-5.05201E-16
94.2222	1.80772E-15	9.38659E-15	7.05274E-15	0	0	-1.11688E-14	-4.95527E-16	-4.90441E-16
94.3889	1.80389E-15	9.35152E-15	7.01221E-15	0	0	-1.08494E-14	-4.82294E-16	-4.76245E-16
94.4444	1.80266E-15	9.34023E-15	6.99939E-15	0	0	-1.07509E-14	-4.78212E-16	-4.71866E-16
94.6111	1.7562E-15	9.32448E-15	7.01938E-15	0	0	-1.03512E-14	-4.49269E-16	-4.61688E-16
94.7778	1.75397E-15	9.23946E-15	7.02586E-15	0	0	-9.96328E-15	-4.36753E-16	-4.54494E-16
94.9444	1.8085E-15	9.13317E-15	7.02316E-15	0	0	-9.62437E-15	-4.39752E-16	-4.47765E-16
95.1111	1.91555E-15	9.01793E-15	7.02249E-15	0	0	-9.32511E-15	-4.56499E-16	-4.42523E-16
95.2778	2.07885E-15	8.90389E-15	7.03038E-15	0	0	-9.05762E-15	-4.86727E-16	-4.36623E-16
95.4444	2.30844E-15	8.79919E-15	7.05017E-15	0	0	-8.82125E-15	-5.31907E-16	-4.3196E-16
95.6111	2.62317E-15	8.70857E-15	7.09242E-15	0	0	-8.61791E-15	-5.95985E-16	-4.292E-16
95.7778	3.05969E-15	8.63342E-15	7.16484E-15	0	0	-8.45373E-15	-6.87169E-16	-4.29128E-16
95.9444	3.68886E-15	8.56985E-15	7.27502E-15	0	0	-8.33858E-15	-8.22299E-16	-4.31622E-16
96	3.9612E-15	8.54924E-15	7.31631E-15	0	0	-8.31339E-15	-8.82535E-16	-4.33377E-16