TIME	Aqua: aN2O5 -> NO2p + NO3m	Aqua: NO2p + [aH2O] -> NO3m + Hp	Gas: OH + NO2 -> HNO3	Aqua: aHNO4 + HSO3m -> HSO4m + Hp + NO3m	other sources	other sinks
24.0278	1.0274E-12	1.0274E-12	5.62452E-15	5.70499E-14	4.29368E-13	-1.43882E-15
24.1944	1.0251E-12	1.0251E-12	5.65902E-15	5.65094E-14	4.3125E-13	-1.45673E-15
24.3611	1.02288E-12	1.02288E-12	5.69284E-15	5.60387E-14	4.33213E-13	-1.48166E-15
24.5278	1.02086E-12	1.02086E-12	5.72585E-15	5.56614E-14	4.35049E-13	-1.5068E-15
24.6944	1.01906E-12	1.01906E-12	5.75816E-15	5.53733E-14	4.36671E-13	-1.53121E-15
24.8611	1.01746E-12	1.01746E-12	5.78992E-15	5.51633E-14	4.38075E-13	-1.55223E-15
24.9444	1.01673E-12	1.01673E-12	5.80563E-15	5.50848E-14	4.38705E-13	-1.56227E-15
25.1111	1.06159E-12	1.06159E-12	1.24358E-14	6.5714E-17	1.46004E-13	-3.56949E-17
25.1944	1.05695E-12	1.05695E-12	1.37386E-14	4.00776E-17	1.40755E-13	-2.21043E-15
25.3611	1.18822E-12	1.18822E-12	1.38668E-14	3.09483E-17	1.50689E-13	-3.21175E-15
25.5278	1.18046E-12	1.18046E-12	1.39349E-14	2.55785E-17	1.49918E-13	-3.48153E-15
25.6944	1.17033E-12	1.17033E-12	1.3992E-14	2.25907E-17	1.49179E-13	-3.68521E-15
25.8611	1.16044E-12	1.16044E-12	1.40399E-14	0	1.48107E-13	-3.82985E-15
26.0278	1.15067E-12	1.15067E-12	1.40793E-14	1.83268E-17	1.48039E-13	-3.93957E-15
26.1944	1.14116E-12	1.14116E-12	1.41109E-14	1.72952E-17	1.47498E-13	-4.02236E-15
26.3611	1.13195E-12	1.13195E-12	1.41357E-14	1.65972E-17	1.46971E-13	-4.084E-15
26.5278	1.12308E-12	1.12308E-12	1.41546E-14	1.6127E-17	1.46456E-13	-4.12913E-15
26.6944	1.11458E-12	1.11458E-12	1.41688E-14	1.58866E-17	1.45954E-13	-4.16135E-15
26.8611	1.10646E-12	1.10646E-12	1.41793E-14	1.57794E-17	1.45461E-13	-4.18355E-15
27.0278	1.09872E-12	1.09872E-12	1.4187E-14	1.58329E-17	1.44977E-13	-4.1979E-15
27.1944	1.09136E-12	1.09136E-12	1.41924E-14	1.55143E-17	1.44492E-13	-4.2062E-15
27.3611	1.08435E-12	1.08435E-12	1.41962E-14	1.60469E-17	1.44049E-13	-4.20977E-15
27.5278	1.07769E-12	1.07769E-12	1.41989E-14	1.62663E-17	1.436E-13	-4.20968E-15
27.6944	1.07136E-12	1.07136E-12	1.42007E-14	1.65325E-17	1.43161E-13	-4.20673E-15
27.8611	1.06534E-12	1.06534E-12	1.42018E-14	1.68319E-17	1.42732E-13	-4.20157E-15
28.0278	1.05962E-12	1.05962E-12	1.42027E-14	1.7166E-17	1.42309E-13	-4.19469E-15
28.1944	1.05418E-12	1.05418E-12	1.42032E-14	1.75176E-17	1.41901E-13	-4.18647E-15
28.3611	1.04901E-12	1.04901E-12	1.42037E-14	1.78925E-17	1.41498E-13	-4.17722E-15
28.5278	1.04409E-12	1.04409E-12	1.42042E-14	1.82865E-17	1.41103E-13	-4.16716E-15
28.6944	1.03941E-12	1.03941E-12	1.42047E-14	1.86929E-17	1.40717E-13	-4.15649E-15
28.8611	1.03495E-12	1.03495E-12	1.42052E-14	1.91117E-17	1.40337E-13	-4.14533E-15
29.0278	9.65552E-13	9.65552E-13	1.4265E-14	1.96234E-17	1.28023E-13	-3.81534E-15
29.1944	6.87318E-13	6.87318E-13	1.64056E-14	2.41671E-17	8.98462E-14	-3.02053E-15
29.3611	4.81275E-13	4.81275E-13	2.43673E-14	3.80862E-17	6.45008E-14	-3.31786E-15
29.5278	3.64982E-13	3.64982E-13	3.62078E-14	5.01667E-17	5.09109E-14	-4.37387E-15
29.6944	2.97363E-13	2.97363E-13	4.96991E-14	5.76023E-17	1.95575E-14	-1.43827E-15
29.8611	2.55242E-13	2.55242E-13	6.6414E-14	6.56903E-17	3.80505E-14	-6.44245E-15
30.0278	2.27141E-13	2.27141E-13	8.67254E-14	7.51129E-17	3.46904E-14	-7.63736E-15
30.1944	2.07368E-13	2.07368E-13	1.10345E-13	8.55831E-17	3.25311E-14	-9.13044E-15
30.3611	1.92864E-13	1.92864E-13	1.37018E-13	9.68521E-17	3.12708E-14	-1.09146E-14
30.5278	1.81864E-13	1.81864E-13	1.66556E-13	1.08806E-16	3.07014E-14	-1.29471E-14
30.6944	1.73294E-13	1.73294E-13	1.98795E-13	1.21428E-16	3.06833E-14	-1.51848E-14
30.8611	1.66459E-13	1.66459E-13	2.33562E-13	1.34704E-16	3.11279E-14	-1.75906E-14
31.0278	1.60897E-13	1.60897E-13	2.70656E-13	1.48598E-16	3.19747E-14	-2.01325E-14
31.1944	1.6581E-13	1.6581E-13	3.09843E-13	0	2.09096E-14	-2.27825E-14
31.3611	1.52401E-13	1.52401E-13	3.50854E-13	1.78102E-16	3.47248E-14	-2.55163E-14
31.5278	1.49069E-13	1.49069E-13	3.93389E-13	1.93615E-16	3.65773E-14	-2.83117E-14
31.6944	1.46168E-13	1.46168E-13	4.37117E-13	2.09558E-16	3.87228E-14	-3.11492E-14
31.8611	1.43602E-13	1.43602E-13	4.81687E-13	2.25862E-16	4.11451E-14	-3.40105E-14
32.0278	1.41298E-13	1.41298E-13	5.26728E-13	2.42455E-16	4.38285E-14	-3.68793E-14
32.1944	1.39199E-13	1.39199E-13	5.71863E-13	2.5926E-16	4.67566E-14	-3.97401E-14
32.3611	1.3726E-13	1.3726E-13	6.16711E-13	2.762E-16	4.99117E-14	-4.25794E-14
32.5278	1.35448E-13	1.35448E-13	6.60893E-13	2.93189E-16	5.32769E-14	-4.53813E-14
32.6944	1.33734E-13	1.33734E-13	7.04046E-13	3.10147E-16	5.68298E-14	-4.81358E-14
32.8611	1.32098E-13	1.32098E-13	7.45823E-13	3.2686E-16	6.05438E-14	-5.083E-14
33.0278	1.30524E-13	1.30524E-13	7.85902E-13	3.43649E-16	6.44137E-14	-5.34527E-14
33.1944	1.29001E-13	1.29001E-13	8.23993E-13	3.60034E-16	6.83983E-14	-5.59933E-14
33.3611	1.27519E-13	1.27519E-13	8.59839E-13	3.76078E-16	7.24792E-14	-5.84416E-14
33.5278	1.26074E-13	1.26074E-13	8.93222E-13	3.91714E-16	7.66323E-14	-6.07882E-14
33.6944	1.24663E-13	1.24663E-13	9.23966E-13	4.06877E-16	8.08335E-14	-6.30243E-14
33.8611	1.23285E-13	1.23285E-13	9.51934E-13	4.21512E-16	8.50593E-14	-6.51414E-14
34.0278	1.21941E-13	1.21941E-13	9.77032E-13	4.35568E-16	8.9287E-14	-6.7132E-14
34.1944	1.20633E-13	1.20633E-13	9.99205E-13	4.49004E-16	9.34953E-14	-6.89889E-14
34.3611	1.19365E-13	1.19365E-13	1.01844E-12	4.6178E-16	9.76636E-14	-7.07055E-14
34.5278	1.18141E-13	1.18141E-13	1.03474E-12	4.73873E-16	1.01773E-13	-7.2276E-14
34.6944	1.16967E-13	1.16967E-13	1.04817E-12	4.85247E-16	1.05806E-13	-7.3695E-14
34.8611	1.15847E-13	1.15847E-13	1.05879E-12	4.95897E-16	1.09746E-13	-7.49579E-14
35.0278	1.14789E-13	1.14789E-13	1.06671E-12	5.05808E-16	1.13578E-13	-7.60606E-14
35.0833	1.14384E-13	1.14384E-13	1.06914E-12	5.09563E-16	1.15077E-13	-7.6456E-14
35.25	1.94166E-13	1.94166E-13	8.64573E-13	0	1.30241E-13	-5.72169E-14
35.3333	1.37339E-13	1.37339E-13	1.55182E-13	2.5367E-13	6.45375E-13	-6.10461E-14
35.5	1.68265E-13	1.68265E-13	1.58676E-13	2.82132E-13	3.86504E-13	-5.8142E-14
35.6667	1.75943E-13	1.75943E-13	1.63728E-13	3.34582E-13	3.50792E-13	-5.67165E-14
35.8333	1.81251E-13	1.81251E-13	1.68385E-13	3.71143E-13	3.38869E-13	-5.65247E-14
36	1.85969E-13	1.85969E-13	1.72597E-13	3.99699E-13	3.33354E-13	-5.64754E-14
36.1667	1.90437E-13	1.90437E-13	1.76325E-13	4.22892E-13	3.30261E-13	-5.64048E-14
36.3333	1.94775E-13	1.94775E-13	1.79504E-13	4.41049E-13	3.27998E-13	-5.62693E-14
36.5	1.99053E-13	1.99053E-13	1.82082E-13	4.54261E-13	3.25797E-13	-5.60486E-14
36.6389	2.02041E-13	2.02041E-13	1.83511E-13	4.60719E-13	3.2408E-13	-5.58371E-14
36.8056	1.53016E-13	1.53016E-13	1.02969E-12	7.68924E-16	1.23097E-13	-5.98111E-14
36.8889	1.34904E-13	1.34904E-13	1.20911E-12	6.19811E-16	9.77643E-14	-5.79052E-14
37.0556	1.37856E-13	1.37856E-13	1.18892E-12	4.69151E-16	1.0384E-13	-6.73544E-14
37.2222	1.37541E-13	1.37541E-13	1.17166E-12	3.85864E-16	1.03241E-13	-6.93035E-14
37.3889	1.37462E-13	1.37462E-13	1.15122E-12	3.32676E-16	1.03431E-13	-7.07168E-14
37.5556	1.37604E-13	1.37604E-13	1.12802E-12	2.97027E-16	1.04107E-13	-7.14925E-14
37.7222	1.37974E-13	1.37974E-13	1.10259E-12	2.72503E-16	1.04998E-13	-7.1718E-14
37.8889	1.38583E-13	1.38583E-13	1.07532E-12	2.55353E-16	1.05966E-13	-7.13715E-14
38.0556	1.39442E-13	1.39442E-13	1.0465E-12	2.43261E-16	1.06913E-13	-7.0519E-14
38.2222	1.40567E-13	1.40567E-13	1.01637E-12	2.34641E-16	1.07758E-13	-6.9224E-14
38.3889	1.41972E-13	1.41972E-13	9.85095E-13	2.28535E-16	1.08458E-13	-6.75511E-14
38.5556	1.43676E-13	1.43676E-13	9.52811E-13	2.24073E-16	1.08985E-13	-6.55608E-14
38.7222	1.457E-13	1.457E-13	9.19625E-13	2.2059E-16	1.09311E-13	-6.33065E-14
38.8889	1.48068E-13	1.48068E-13	8.8562E-13	2.18159E-16	1.09446E-13	-6.08344E-14
39.0556	1.50811E-13	1.50811E-13	8.50859E-13	2.15999E-16	1.09368E-13	-5.81833E-14
39.2222	1.5396E-13	1.5396E-13	8.15391E-13	2.1404E-16	1.09083E-13	-5.53862E-14
39.3889	1.57558E-13	1.57558E-13	7.79253E-13	2.12109E-16	1.08595E-13	-5.24711E-14
39.5556	1.61652E-13	1.61652E-13	7.42476E-13	2.10074E-16	1.07913E-13	-4.94625E-14
39.7222	1.66299E-13	1.66299E-13	7.05089E-13	2.07829E-16	1.07048E-13	-4.63819E-14
39.8889	1.7157E-13	1.7157E-13	6.67119E-13	2.05294E-16	1.06014E-13	-4.32492E-14
40.0556	1.77548E-13	1.77548E-13	6.28599E-13	2.02375E-16	1.04827E-13	-4.00829E-14
40.2222	1.84338E-13	1.84338E-13	5.89567E-13	1.99153E-16	1.03513E-13	-3.69011E-14
40.3889	1.9207E-13	1.9207E-13	5.50071E-13	1.95379E-16	1.02097E-13	-3.37218E-14
40.5556	2.00908E-13	2.00908E-13	5.10174E-13	1.91171E-16	1.00609E-13	-3.0563E-14
40.7222	2.11062E-13	2.11062E-13	4.69954E-13	1.86467E-16	9.90894E-14	-2.74434E-14
40.8889	2.22805E-13	2.22805E-13	4.29512E-13	1.81251E-16	9.75838E-14	-2.43826E-14
41.0556	2.36501E-13	2.36501E-13	3.88969E-13	1.75508E-16	9.61508E-14	-2.14016E-14
41.2222	2.52639E-13	2.52639E-13	3.48476E-13	1.69236E-16	9.48635E-14	-1.85229E-14
41.3889	2.719E-13	2.719E-13	3.08217E-13	1.62424E-16	9.38161E-14	-1.57714E-14
41.5556	2.95251E-13	2.95251E-13	2.68413E-13	1.55072E-16	9.31335E-14	-1.31748E-14
41.7222	3.24111E-13	3.24111E-13	2.29338E-13	1.47175E-16	9.29911E-14	-1.07645E-14
41.8889	3.60631E-13	3.60631E-13	1.9133E-13	1.3871E-16	9.36372E-14	-8.57681E-15
42.0556	4.08212E-13	4.08212E-13	1.54824E-13	1.29658E-16	9.54509E-14	-6.65464E-15
42.2222	4.72469E-13	4.72469E-13	1.204E-13	1.19934E-16	9.90428E-14	-5.04948E-15
42.3889	5.63119E-13	5.63119E-13	8.88566E-14	1.09433E-16	1.05434E-13	-3.82457E-15
42.5556	6.97665E-13	6.97665E-13	6.13158E-14	9.78565E-17	1.16426E-13	-3.05872E-15
42.7222	9.07606E-13	9.07606E-13	3.93018E-14	8.44328E-17	1.35145E-13	-2.84844E-15
42.8889	1.23959E-12	1.23959E-12	2.45443E-14	6.72988E-17	1.65756E-13	-3.28084E-15
43.0556	1.68913E-12	1.68913E-12	1.75276E-14	4.67158E-17	2.05502E-13	-4.25031E-15
43.2222	1.94973E-12	1.94973E-12	1.53486E-14	0	2.13623E-13	-4.83655E-15
43.3889	1.92517E-12	1.92517E-12	1.46922E-14	3.16301E-17	2.13191E-13	-4.87608E-15
43.5556	1.88518E-12	1.88518E-12	1.44476E-14	3.13234E-17	2.07836E-13	-4.89565E-15
43.7222	1.84628E-12	1.84628E-12	1.43139E-14	3.15791E-17	2.04066E-13	-4.91387E-15
43.8889	1.80835E-12	1.80835E-12	1.42206E-14	3.19825E-17	2.01286E-13	-4.92664E-15
44.0556	1.77129E-12	1.77129E-12	1.41476E-14	3.2456E-17	1.99088E-13	-4.93906E-15
44.2222	1.73519E-12	1.73519E-12	1.40863E-14	3.29593E-17	1.95838E-13	-8.93016E-15
44.3889	1.70014E-12	1.70014E-12	1.40316E-14	3.34808E-17	1.95588E-13	-4.95826E-15
44.5556	1.66626E-12	1.66626E-12	1.39806E-14	3.40091E-17	1.94054E-13	-4.96457E-15
44.7222	1.63361E-12	1.63361E-12	1.39315E-14	3.45202E-17	1.92604E-13	-4.96988E-15
44.8889	1.60224E-12	1.60224E-12	1.38835E-14	3.50296E-17	1.91216E-13	-4.99969E-15
45.0556	1.57216E-12	1.57216E-12	1.38363E-14	3.55316E-17	1.89819E-13	-4.97683E-15
45.2222	1.54337E-12	1.54337E-12	1.37897E-14	3.60193E-17	1.88493E-13	-4.97873E-15
45.3889	1.51586E-12	1.51586E-12	1.37438E-14	3.65038E-17	1.87175E-13	-4.97973E-15
45.5556	1.48958E-12	1.48958E-12	1.36989E-14	3.69824E-17	1.85876E-13	-4.97991E-15
45.7222	1.46453E-12	1.46453E-12	1.3655E-14	3.74514E-17	1.84599E-13	-4.97935E-15
45.8889	1.44064E-12	1.44064E-12	1.36124E-14	3.7918E-17	1.83342E-13	-4.97814E-15
46.0556	1.41789E-12	1.41789E-12	1.35713E-14	3.83848E-17	1.82109E-13	-4.97632E-15
46.2222	1.39622E-12	1.39622E-12	1.35318E-14	3.88495E-17	1.80897E-13	-4.97396E-15
46.3889	1.37559E-12	1.37559E-12	1.3494E-14	3.93192E-17	1.79709E-13	-4.9711E-15
46.5556	1.35597E-12	1.35597E-12	1.3458E-14	3.97853E-17	1.78545E-13	-4.96779E-15
46.7222	1.33729E-12	1.33729E-12	1.34238E-14	4.0258E-17	1.77405E-13	-4.96407E-15
46.7778	1.33008E-12	1.33008E-12	1.34106E-14	4.04485E-17	1.76955E-13	-4.96319E-15
46.9444	1.64328E-12	1.64328E-12	1.14111E-14	0	1.27219E-13	-3.36648E-15
47.0278	6.11564E-13	6.11564E-13	6.35037E-15	2.72999E-14	1.0822E-12	-6.87735E-15
47.1944	9.13711E-13	9.13711E-13	5.91247E-15	4.97192E-14	6.05355E-13	-5.86901E-15
47.3611	9.71591E-13	9.71591E-13	5.93069E-15	5.92105E-14	5.26562E-13	-3.35995E-15
47.5278	9.85906E-13	9.85906E-13	5.98542E-15	6.19407E-14	5.05779E-13	-2.52648E-15
47.6944	9.93333E-13	9.93333E-13	6.04284E-15	6.35512E-14	4.96676E-13	-2.26956E-15
47.8611	9.99301E-13	9.99301E-13	6.09729E-15	6.50162E-14	4.90445E-13	-2.17285E-15
48.0278	1.00462E-12	1.00462E-12	6.14821E-15	6.64351E-14	4.85264E-13	-2.12116E-15
48.1944	1.0094E-12	1.0094E-12	6.19603E-15	6.77891E-14	4.80672E-13	-2.08407E-15
48.3611	1.01367E-12	1.01367E-12	6.24129E-15	6.90627E-14	4.76534E-13	-2.0534E-15
48.5278	1.01747E-12	1.01747E-12	6.28445E-15	7.02505E-14	4.72837E-13	-2.02666E-15
48.6944	1.02083E-12	1.02083E-12	6.32589E-15	7.13555E-14	4.69482E-13	-2.00287E-15
48.8611	1.02382E-12	1.02382E-12	6.36592E-15	7.23823E-14	4.66429E-13	-1.98162E-15
48.9444	1.02517E-12	1.02517E-12	6.38549E-15	7.28684E-14	4.65004E-13	-1.97174E-15
49.1111	0	0	1.25426E-14	0	8.18355E-14	-2.42224E-15
49.1944	1.15976E-12	1.15976E-12	1.36481E-14	9.95618E-17	1.45606E-13	-3.1024E-15
49.3611	1.2767E-12	1.2767E-12	1.37059E-14	7.48271E-17	1.52704E-13	-3.78087E-15
49.5278	1.26453E-12	1.26453E-12	1.37374E-14	6.114E-17	1.51645E-13	-4.1148E-15
49.6944	1.25202E-12	1.25202E-12	1.37602E-14	5.26055E-17	1.50836E-13	-4.34175E-15
49.8611	1.23996E-12	1.23996E-12	1.37771E-14	4.70394E-17	1.50157E-13	-4.50327E-15
50.0278	1.22825E-12	1.22825E-12	1.37873E-14	4.33342E-17	1.49536E-13	-4.62664E-15
50.1944	1.21688E-12	1.21688E-12	1.37954E-14	4.08832E-17	1.48939E-13	-4.71256E-15
50.3611	1.20585E-12	1.20585E-12	1.38003E-14	3.92703E-17	1.48356E-13	-4.77243E-15
50.5278	1.1952E-12	1.1952E-12	1.38023E-14	3.82558E-17	1.47779E-13	-4.81265E-15
50.6944	1.18493E-12	1.18493E-12	1.38021E-14	3.76687E-17	1.47209E-13	-4.83799E-15
50.8611	1.17504E-12	1.17504E-12	1.38E-14	3.73874E-17	1.46645E-13	-4.85219E-15
51.0278	1.16555E-12	1.16555E-12	1.37966E-14	3.73355E-17	1.46087E-13	-4.85811E-15
51.1944	1.15643E-12	1.15643E-12	1.37923E-14	3.7452E-17	1.45536E-13	-4.85787E-15
51.3611	1.14768E-12	1.14768E-12	1.37874E-14	3.7696E-17	1.44992E-13	-4.85308E-15
51.5278	1.13929E-12	1.13929E-12	1.37822E-14	3.80345E-17	1.44456E-13	-4.84494E-15
51.6944	1.13124E-12	1.13124E-12	1.37769E-14	3.8445E-17	1.43928E-13	-4.83437E-15
51.8611	1.12354E-12	1.12354E-12	1.37717E-14	3.89126E-17	1.43408E-13	-4.82201E-15
52.0278	1.11616E-12	1.11616E-12	1.37666E-14	3.94226E-17	1.42897E-13	-4.80838E-15
52.1944	1.10909E-12	1.10909E-12	1.37618E-14	3.99654E-17	1.42394E-13	-4.79383E-15
52.3611	1.10232E-12	1.10232E-12	1.37573E-14	4.0536E-17	1.419E-13	-4.77866E-15
52.5278	1.09583E-12	1.09583E-12	1.37531E-14	4.11152E-17	1.41411E-13	-4.76305E-15
52.6944	1.08962E-12	1.08962E-12	1.37494E-14	4.17213E-17	1.40935E-13	-4.74716E-15
52.8611	1.08367E-12	1.08367E-12	1.37461E-14	4.23614E-17	1.40466E-13	-4.7311E-15
53.0278	1.02586E-12	1.02586E-12	1.38046E-14	4.32173E-17	6.4538E-14	-2.23132E-16
53.1944	7.71387E-13	7.71387E-13	1.62399E-14	0	9.3185E-14	-3.39138E-15
53.3611	5.52641E-13	5.52641E-13	2.61672E-14	9.21331E-17	7.18064E-14	-2.87045E-15
53.5278	4.1524E-13	4.1524E-13	4.09056E-14	1.16834E-16	5.60087E-14	-3.09275E-15
53.6944	3.33292E-13	3.33292E-13	5.83162E-14	1.31188E-16	4.69637E-14	-3.93197E-15
53.8611	5.09473E-13	5.09473E-13	8.03751E-14	0	2.49689E-14	-5.30338E-15
54.0278	2.47721E-13	2.47721E-13	1.06621E-13	1.69685E-16	3.83153E-14	-7.11994E-15
54.1944	2.23664E-13	2.23664E-13	1.36268E-13	1.91224E-16	3.65348E-14	-9.30433E-15
54.3611	2.06057E-13	2.06057E-13	1.68809E-13	2.13402E-16	3.58215E-14	-1.17915E-14
54.5278	1.92745E-13	1.92745E-13	2.0391E-13	2.36097E-16	3.59248E-14	-1.45274E-14
54.6944	1.82413E-13	1.82413E-13	2.41331E-13	2.59343E-16	3.66828E-14	-1.74672E-14
54.8611	1.7422E-13	1.7422E-13	2.80862E-13	2.8318E-16	3.79894E-14	-2.05732E-14
55.0278	1.67605E-13	1.67605E-13	3.22295E-13	3.07616E-16	3.97757E-14	-2.38127E-14
55.1944	1.6218E-13	1.6218E-13	3.65403E-13	3.32663E-16	4.19924E-14	-2.71571E-14
55.3611	1.5767E-13	1.5767E-13	4.09934E-13	3.58291E-16	4.46058E-14	-3.0581E-14
55.5278	1.53872E-13	1.53872E-13	4.55612E-13	3.84444E-16	4.75901E-14	-3.40616E-14
55.6944	1.50636E-13	1.50636E-13	5.02135E-13	4.11077E-16	5.09248E-14	-3.7578E-14
55.8611	1.47847E-13	1.47847E-13	5.4918E-13	4.38091E-16	5.45896E-14	-4.11109E-14
56.0278	1.45417E-13	1.45417E-13	5.9641E-13	4.65404E-16	5.8567E-14	-4.46427E-14
56.1944	1.43274E-13	1.43274E-13	6.43474E-13	4.92914E-16	6.28365E-14	-4.81566E-14
56.3611	1.41364E-13	1.41364E-13	6.90018E-13	5.20507E-16	6.73779E-14	-5.16369E-14
56.5278	1.39642E-13	1.39642E-13	7.35689E-13	5.48077E-16	7.21681E-14	-5.50689E-14
56.6944	1.38073E-13	1.38073E-13	7.80143E-13	5.75501E-16	7.71824E-14	-5.84385E-14
56.8611	1.36626E-13	1.36626E-13	8.23047E-13	6.02661E-16	8.23944E-14	-6.17324E-14
57.0278	1.35281E-13	1.35281E-13	8.64093E-13	6.29435E-16	8.77758E-14	-6.49378E-14
57.1944	1.34017E-13	1.34017E-13	9.02997E-13	6.55704E-16	9.32971E-14	-6.80427E-14
57.3611	1.32821E-13	1.32821E-13	9.39506E-13	6.81354E-16	9.8928E-14	-7.10357E-14
57.5278	1.31681E-13	1.31681E-13	9.73402E-13	7.06274E-16	1.04638E-13	-7.39057E-14
57.6944	1.3059E-13	1.3059E-13	1.00451E-12	7.30361E-16	1.10395E-13	-7.66426E-14
57.8611	1.29542E-13	1.29542E-13	1.03268E-12	7.53518E-16	1.1617E-13	-7.92368E-14
58.0278	1.28533E-13	1.28533E-13	1.05783E-12	7.75658E-16	1.21932E-13	-8.16791E-14
58.1944	1.27562E-13	1.27562E-13	1.07989E-12	7.96705E-16	1.27655E-13	-8.39613E-14
58.3611	1.26631E-13	1.26631E-13	1.09884E-12	8.14886E-16	1.33219E-13	-8.60754E-14
58.5278	1.25736E-13	1.25736E-13	1.1147E-12	8.35259E-16	1.38871E-13	-8.80145E-14
58.6944	1.24884E-13	1.24884E-13	1.12751E-12	8.52663E-16	1.44316E-13	-8.97721E-14
58.8611	1.24079E-13	1.24079E-13	1.13734E-12	8.68773E-16	1.49623E-13	-9.13424E-14
59.0278	1.23324E-13	1.23324E-13	1.14431E-12	8.83562E-16	1.5477E-13	-9.27204E-14
59.0833	1.23037E-13	1.23037E-13	1.14631E-12	8.89221E-16	1.56767E-13	-9.32168E-14
59.25	1.83514E-13	1.83514E-13	8.96445E-13	7.62286E-15	2.23084E-13	-7.28191E-14
59.3333	1.36534E-13	1.36534E-13	1.48768E-13	3.08682E-13	6.32947E-13	-7.81938E-14
59.5	1.56239E-13	1.56239E-13	1.51307E-13	3.38517E-13	4.24958E-13	-7.72916E-14
59.6667	1.62474E-13	1.62474E-13	1.55961E-13	3.83985E-13	3.79147E-13	-7.61298E-14
59.8333	1.67183E-13	1.67183E-13	1.60358E-13	4.19021E-13	3.63442E-13	-7.59299E-14
60	1.71491E-13	1.71491E-13	1.64513E-13	4.52045E-13	3.56803E-13	-7.57855E-14
60.1667	1.75577E-13	1.75577E-13	1.68322E-13	4.83019E-13	3.53465E-13	-7.55895E-14
60.3333	1.79519E-13	1.79519E-13	1.71675E-13	5.10739E-13	3.51296E-13	-7.5315E-14
60.5	1.83376E-13	1.83376E-13	1.74492E-13	5.34331E-13	3.49332E-13	-7.49392E-14
60.6389	1.86052E-13	1.86052E-13	1.76113E-13	5.48177E-13	3.47818E-13	-7.46065E-14
60.8056	1.54267E-13	1.54267E-13	1.08189E-12	2.43105E-15	1.38724E-13	-7.28324E-14
60.8889	1.40488E-13	1.40488E-13	1.28812E-12	1.39888E-15	1.24171E-13	-8.06567E-14
61.0556	1.44883E-13	1.44883E-13	1.27151E-12	1.01317E-15	1.25046E-13	-8.44443E-14
61.2222	1.45126E-13	1.45126E-13	1.25487E-12	8.37987E-16	1.26772E-13	-8.61513E-14
61.3889	1.4556E-13	1.4556E-13	1.23401E-12	7.45074E-16	1.28208E-13	-8.72426E-14
61.5556	1.46228E-13	1.46228E-13	1.20976E-12	6.36764E-16	1.30477E-13	-8.76798E-14
61.7222	1.47073E-13	1.47073E-13	1.18284E-12	5.83062E-16	1.32425E-13	-8.74717E-14
61.8889	1.48129E-13	1.48129E-13	1.15379E-12	5.45968E-16	1.34271E-13	-8.66651E-14
62.0556	1.49412E-13	1.49412E-13	1.12298E-12	5.19793E-16	1.35947E-13	-8.53276E-14
62.2222	1.50937E-13	1.50937E-13	1.09071E-12	5.00963E-16	1.374E-13	-8.35337E-14
62.3889	1.52727E-13	1.52727E-13	1.05719E-12	4.87095E-16	1.386E-13	-8.13545E-14
62.5556	1.54804E-13	1.54804E-13	1.02261E-12	4.76469E-16	1.39524E-13	-7.88532E-14
62.7222	1.57194E-13	1.57194E-13	9.8709E-13	4.67949E-16	1.40159E-13	-7.60834E-14
62.8889	1.59926E-13	1.59926E-13	9.50737E-13	4.60707E-16	1.40496E-13	-7.30899E-14
63.0556	1.63033E-13	1.63033E-13	9.13629E-13	4.54156E-16	1.40536E-13	-6.99092E-14
63.2222	1.66556E-13	1.66556E-13	8.75825E-13	4.4788E-16	1.4028E-13	-6.65727E-14
63.3889	1.70539E-13	1.70539E-13	8.37368E-13	4.41571E-16	1.39738E-13	-6.3107E-14
63.5556	1.75036E-13	1.75036E-13	7.98293E-13	4.35008E-16	1.3892E-13	-5.95354E-14
63.7222	1.80109E-13	1.80109E-13	7.58625E-13	4.28029E-16	1.37842E-13	-5.58791E-14
63.8889	1.85835E-13	1.85835E-13	7.18388E-13	4.20512E-16	1.36522E-13	-5.21589E-14
64.0556	1.92306E-13	1.92306E-13	6.77604E-13	4.12368E-16	1.34983E-13	-4.83938E-14
64.2222	1.99633E-13	1.99633E-13	6.363E-13	4.03529E-16	1.33252E-13	-4.46036E-14
64.3889	2.07958E-13	2.07958E-13	5.94506E-13	3.93941E-16	1.3136E-13	-4.08084E-14
64.5556	2.17455E-13	2.17455E-13	5.52263E-13	3.8357E-16	1.29348E-13	-3.7029E-14
64.7222	2.28353E-13	2.28353E-13	5.09625E-13	3.72379E-16	1.2726E-13	-3.32873E-14
64.8889	2.40943E-13	2.40943E-13	4.66662E-13	3.60344E-16	1.25153E-13	-2.96068E-14
65.0556	2.55616E-13	2.55616E-13	4.23462E-13	3.47439E-16	1.23096E-13	-2.60132E-14
65.2222	2.72899E-13	2.72899E-13	3.80141E-13	3.33638E-16	1.21175E-13	-2.25345E-14
65.3889	2.9352E-13	2.9352E-13	3.36848E-13	3.18912E-16	1.19502E-13	-1.92019E-14
65.5556	3.18518E-13	3.18518E-13	2.93776E-13	3.03217E-16	1.18226E-13	-1.60507E-14
65.7222	3.49412E-13	3.49412E-13	2.51178E-13	2.86494E-16	1.17552E-13	-1.31217E-14
65.8889	3.88505E-13	3.88505E-13	2.094E-13	2.68651E-16	1.17772E-13	-1.04623E-14
66.0556	4.39428E-13	4.39428E-13	1.68924E-13	2.49551E-16	1.19331E-13	-8.12919E-15
66.2222	5.08148E-13	5.08148E-13	1.30445E-13	2.28991E-16	1.22932E-13	-6.19072E-15
66.3889	6.04913E-13	6.04913E-13	9.49813E-14	2.06658E-16	1.29743E-13	-4.73201E-15
66.5556	7.47903E-13	7.47903E-13	6.40079E-14	1.82024E-16	1.4177E-13	-3.85681E-15
66.7222	9.68662E-13	9.68662E-13	3.9508E-14	1.53937E-16	1.62299E-13	-3.68869E-15
66.8889	1.30866E-12	1.30866E-12	2.35766E-14	1.19717E-16	1.94941E-13	-4.32277E-15
67.0556	1.74031E-12	1.74031E-12	1.65181E-14	8.05395E-17	2.33663E-13	-5.53262E-15
67.2222	1.95859E-12	1.95859E-12	1.4561E-14	5.83694E-17	2.43677E-13	-6.18804E-15
67.3889	1.93254E-12	1.93254E-12	1.39953E-14	5.32937E-17	1.5372E-13	-1.41098E-16
67.5556	1.89761E-12	1.89761E-12	1.37676E-14	5.22745E-17	2.26514E-13	-6.25677E-15
67.7222	1.8632E-12	1.8632E-12	1.36285E-14	3.76983E-17	2.2091E-13	-6.2823E-15
67.8889	1.82911E-12	1.82911E-12	1.35241E-14	5.33396E-17	2.17606E-13	-6.30383E-15
68.0556	1.79538E-12	1.79538E-12	1.34398E-14	5.38635E-17	2.14649E-13	-6.32171E-15
68.2222	1.76217E-12	1.76217E-12	1.33686E-14	5.44687E-17	2.04137E-13	-1.47217E-16
68.3889	1.72801E-12	1.72801E-12	1.33065E-14	0	1.92816E-13	-6.3485E-15
68.5556	1.6979E-12	1.6979E-12	1.32503E-14	5.57667E-17	1.29312E-13	-1.502E-16
68.7222	1.66709E-12	1.66709E-12	1.31984E-14	5.64227E-17	2.06643E-13	-6.36614E-15
68.8889	1.63649E-12	1.63649E-12	1.31496E-14	0	1.90745E-13	-6.37229E-15
69.0556	1.60855E-12	1.60855E-12	1.31031E-14	5.76987E-17	2.03547E-13	-6.37695E-15
69.2222	1.58087E-12	1.58087E-12	1.30585E-14	5.83215E-17	2.02083E-13	-6.38028E-15
69.3889	1.55426E-12	1.55426E-12	1.30156E-14	5.89257E-17	2.00657E-13	-6.38241E-15
69.5556	1.52874E-12	1.52874E-12	1.29744E-14	5.95209E-17	1.22118E-13	-1.57848E-16
69.7222	1.50426E-12	1.50426E-12	1.29348E-14	6.00966E-17	1.97892E-13	-6.38353E-15
69.8889	1.48082E-12	1.48082E-12	1.28969E-14	6.06824E-17	1.96547E-13	-6.3827E-15
70.0556	1.45838E-12	1.45838E-12	1.28606E-14	6.12499E-17	1.95225E-13	-6.38107E-15
70.2222	1.43693E-12	1.43693E-12	1.2826E-14	6.60971E-17	1.9363E-13	-6.37865E-15
70.3889	1.41641E-12	1.41641E-12	1.27932E-14	6.23788E-17	1.92647E-13	-6.37554E-15
70.5556	1.3968E-12	1.3968E-12	1.27621E-14	6.29465E-17	1.91392E-13	-6.37181E-15
70.7222	1.37807E-12	1.37807E-12	1.27328E-14	6.34942E-17	1.90158E-13	-6.36748E-15
70.7778	1.37081E-12	1.37081E-12	1.27216E-14	6.37394E-17	1.89672E-13	-6.36559E-15
70.9444	1.59132E-12	1.59132E-12	1.09801E-14	0	1.81376E-13	-4.51105E-15
71.0278	7.30721E-13	7.30721E-13	6.49263E-15	4.32948E-14	9.47933E-13	-7.28136E-15
71.1944	9.53449E-13	9.53449E-13	5.99907E-15	7.128E-14	5.76911E-13	-5.83352E-15
71.3611	9.86548E-13	9.86548E-13	6.04304E-15	7.83332E-14	5.24281E-13	-3.1864E-15
71.5278	9.96459E-13	9.96459E-13	6.10825E-15	8.02325E-14	5.09418E-13	-2.39215E-15
71.6944	1.00352E-12	1.00352E-12	6.17161E-15	8.17685E-14	5.01959E-13	-2.13854E-15
71.8611	1.0098E-12	1.0098E-12	6.23089E-15	8.33205E-14	4.96591E-13	-2.0438E-15
72.0278	1.01555E-12	1.01555E-12	6.28636E-15	8.4851E-14	4.92075E-13	-1.99893E-15
72.1944	1.02081E-12	1.02081E-12	6.33865E-15	8.63235E-14	4.88038E-13	-1.97118E-15
72.3611	1.02562E-12	1.02562E-12	6.38829E-15	8.77222E-14	4.84351E-13	-1.9503E-15
72.5278	1.03E-12	1.03E-12	6.43573E-15	8.9043E-14	4.80937E-13	-1.93281E-15
72.6944	1.034E-12	1.034E-12	6.48134E-15	9.02876E-14	4.77782E-13	-1.91736E-15
72.8611	1.03764E-12	1.03764E-12	6.52539E-15	9.14592E-14	4.74832E-13	-1.90338E-15
72.9444	1.03933E-12	1.03933E-12	6.5469E-15	9.20191E-14	4.73428E-13	-1.89683E-15
73.1111	1.20655E-12	1.20655E-12	1.2267E-14	0	1.20339E-13	-3.09536E-15
73.1944	1.22473E-12	1.22473E-12	1.32423E-14	0	1.1943E-13	-3.95794E-15
73.3611	1.33209E-12	1.33209E-12	1.32658E-14	1.20753E-16	1.61674E-13	-4.87191E-15
73.5278	1.31784E-12	1.31784E-12	1.32797E-14	9.81449E-17	1.60568E-13	-5.29419E-15
73.6944	1.30401E-12	1.30401E-12	1.32877E-14	8.45315E-17	1.59706E-13	-5.56638E-15
73.8611	1.29072E-12	1.29072E-12	1.3291E-14	7.6068E-17	1.58984E-13	-5.76254E-15
74.0278	1.27787E-12	1.27787E-12	1.32915E-14	7.04634E-17	1.58301E-13	-5.90041E-15
74.1944	1.26541E-12	1.26541E-12	1.329E-14	6.20909E-17	1.57463E-13	-5.99486E-15
74.3611	1.23993E-12	1.23993E-12	1.32869E-14	0	1.02912E-13	-6.05697E-15
74.5278	1.24168E-12	1.24168E-12	1.32823E-14	6.31639E-17	1.56361E-13	-6.09524E-15
74.6944	1.23043E-12	1.23043E-12	1.32767E-14	6.24084E-17	1.55722E-13	-6.11605E-15
74.8611	1.21957E-12	1.21957E-12	1.32703E-14	6.20677E-17	1.55085E-13	-6.12442E-15
75.0278	1.20911E-12	1.20911E-12	1.32633E-14	6.20397E-17	1.54453E-13	-6.12306E-15
75.1944	1.19904E-12	1.19904E-12	1.32561E-14	6.22343E-17	1.53827E-13	-6.11562E-15
75.3611	1.18936E-12	1.18936E-12	1.32489E-14	6.25927E-17	1.53207E-13	-6.10308E-15
75.5278	1.18005E-12	1.18005E-12	1.32418E-14	6.30635E-17	1.52595E-13	-6.08789E-15
75.6944	1.17111E-12	1.17111E-12	1.32349E-14	6.36202E-17	1.51991E-13	-6.07007E-15
75.8611	1.16252E-12	1.16252E-12	1.32284E-14	6.42401E-17	1.51395E-13	-6.05066E-15
76.0278	1.15427E-12	1.15427E-12	1.32223E-14	6.49057E-17	1.50809E-13	-6.03018E-15
76.1944	1.14634E-12	1.14634E-12	1.32167E-14	6.56044E-17	1.50231E-13	-6.00901E-15
76.3611	1.13873E-12	1.13873E-12	1.32116E-14	6.63314E-17	1.49662E-13	-5.98739E-15
76.5278	1.13143E-12	1.13143E-12	1.32071E-14	6.70794E-17	1.49102E-13	-5.96553E-15
76.6944	1.12442E-12	1.12442E-12	1.32031E-14	6.78459E-17	1.48551E-13	-5.94356E-15
76.8611	1.11768E-12	1.11768E-12	1.31996E-14	6.86238E-17	1.48009E-13	-5.92158E-15
77.0278	1.0676E-12	1.0676E-12	1.32468E-14	7.00788E-17	1.40014E-13	-5.60108E-15
77.1944	8.28359E-13	8.28359E-13	1.56064E-14	9.06725E-17	1.08405E-13	-4.36405E-15
77.3611	6.014E-13	6.014E-13	2.60285E-14	1.54977E-16	8.06652E-14	-3.54445E-15
77.5278	4.50912E-13	4.50912E-13	4.17678E-14	1.93499E-16	6.30953E-14	-3.58606E-15
77.6944	3.59922E-13	3.59922E-13	6.09773E-14	2.17218E-16	5.29933E-14	-4.46238E-15
77.8611	3.02824E-13	3.02824E-13	8.57086E-14	2.48472E-16	4.70686E-14	-6.06206E-15
78.0278	2.6479E-13	2.6479E-13	1.14972E-13	2.831E-16	4.36522E-14	-8.24022E-15
78.1944	2.38142E-13	2.38142E-13	1.47708E-13	3.18478E-16	4.1945E-14	-1.08792E-14
78.3611	2.18704E-13	2.18704E-13	1.83267E-13	3.54026E-16	4.14936E-14	-1.3891E-14
78.5278	2.04066E-13	2.04066E-13	2.21234E-13	3.8992E-16	4.19844E-14	-1.72071E-14
78.6944	1.92758E-13	1.92758E-13	2.61328E-13	4.25694E-16	4.3285E-14	-2.07717E-14
78.8611	1.83842E-13	1.83842E-13	3.03321E-13	4.62089E-16	4.52087E-14	-2.45379E-14
79.0278	1.76692E-13	1.76692E-13	3.46999E-13	4.99004E-16	4.76899E-14	-2.84654E-14
79.1944	1.70878E-13	1.70878E-13	3.92139E-13	5.36486E-16	5.06697E-14	-3.2519E-14
79.3611	1.66092E-13	1.66092E-13	4.38497E-13	5.74534E-16	5.41054E-14	-3.66678E-14
79.5278	1.62112E-13	1.62112E-13	4.85807E-13	6.13123E-16	5.79655E-14	-4.08835E-14
79.6944	1.58769E-13	1.58769E-13	5.33782E-13	6.52177E-16	6.22231E-14	-4.51411E-14
79.8611	1.55936E-13	1.55936E-13	5.82115E-13	6.91611E-16	6.68545E-14	-4.94171E-14
80.0278	1.53513E-13	1.53513E-13	6.30481E-13	7.31312E-16	7.18371E-14	-5.36901E-14
80.1944	1.51423E-13	1.51423E-13	6.78546E-13	7.71153E-16	7.71476E-14	-5.79401E-14
80.3611	1.49603E-13	1.49603E-13	7.25969E-13	8.10993E-16	8.27614E-14	-6.21482E-14
80.5278	1.48003E-13	1.48003E-13	7.72409E-13	8.50679E-16	8.86518E-14	-6.62969E-14
80.6944	1.46581E-13	1.46581E-13	8.17532E-13	8.89698E-16	9.47729E-14	-7.03693E-14
80.8611	1.45305E-13	1.45305E-13	8.61015E-13	9.28948E-16	1.01147E-13	-7.43496E-14
81.0278	1.44146E-13	1.44146E-13	9.02555E-13	9.67197E-16	1.07688E-13	-7.82227E-14
81.1944	1.43084E-13	1.43084E-13	9.41871E-13	1.00463E-15	1.14381E-13	-8.19743E-14
81.3611	1.42099E-13	1.42099E-13	9.78713E-13	1.04109E-15	1.2119E-13	-8.55909E-14
81.5278	1.41179E-13	1.41179E-13	1.01287E-12	1.07641E-15	1.28081E-13	-8.90596E-14
81.6944	1.40311E-13	1.40311E-13	1.04415E-12	1.11044E-15	1.35017E-13	-9.23682E-14
81.8611	1.39488E-13	1.39488E-13	1.07241E-12	1.14304E-15	1.41963E-13	-9.55053E-14
82.0278	1.38705E-13	1.38705E-13	1.09757E-12	1.17409E-15	1.48884E-13	-9.84602E-14
82.1944	1.37957E-13	1.37957E-13	1.11954E-12	1.20344E-15	1.55749E-13	-1.01223E-13
82.3611	1.37243E-13	1.37243E-13	1.13832E-12	1.23102E-15	1.62524E-13	-1.03784E-13
82.5278	1.36563E-13	1.36563E-13	1.15391E-12	1.25674E-15	1.6918E-13	-1.06136E-13
82.6944	1.35919E-13	1.35919E-13	1.16635E-12	1.28053E-15	1.75689E-13	-1.0827E-13
82.8611	1.35314E-13	1.35314E-13	1.17573E-12	1.30233E-15	1.82023E-13	-1.1018E-13
83.0278	1.34753E-13	1.34753E-13	1.18213E-12	1.3221E-15	1.88159E-13	-1.11859E-13
83.0833	1.34541E-13	1.34541E-13	1.18389E-12	1.32944E-15	1.90553E-13	-1.12464E-13
83.25	1.50885E-13	1.50885E-13	9.07424E-13	0	2.1371E-13	-9.50837E-14
83.3333	1.43435E-13	1.43435E-13	1.49244E-13	3.66576E-13	6.32154E-13	-9.80669E-14
83.5	1.57943E-13	1.57943E-13	1.52355E-13	4.14748E-13	4.48389E-13	-9.72677E-14
83.6667	1.63284E-13	1.63284E-13	1.57253E-13	4.64058E-13	3.98753E-13	-9.66089E-14
83.8333	1.67612E-13	1.67612E-13	1.6183E-13	5.02094E-13	3.81523E-13	-9.65544E-14
84	1.71641E-13	1.71641E-13	1.66159E-13	5.37786E-13	3.74616E-13	-9.64618E-14
84.1667	1.75491E-13	1.75491E-13	1.70123E-13	5.70697E-13	3.71297E-13	-9.62669E-14
84.3333	1.79225E-13	1.79225E-13	1.73615E-13	5.99799E-13	3.69146E-13	-9.59447E-14
84.5	1.82896E-13	1.82896E-13	1.76561E-13	6.24476E-13	3.67176E-13	-9.54737E-14
84.6389	1.85452E-13	1.85452E-13	1.78271E-13	6.38994E-13	3.6565E-13	-9.50471E-14
84.8056	1.58237E-13	1.58237E-13	1.10408E-12	0	1.38306E-13	-9.75868E-14
84.8889	1.51371E-13	1.51371E-13	1.32069E-12	2.15165E-15	1.41629E-13	-1.01938E-13
85.0556	1.56833E-13	1.56833E-13	1.3052E-12	1.58919E-15	1.43896E-13	-1.04456E-13
85.2222	1.57451E-13	1.57451E-13	1.28868E-12	1.29067E-15	1.46786E-13	-1.05888E-13
85.3889	1.58268E-13	1.58268E-13	1.26749E-12	1.10859E-15	1.49801E-13	-1.06609E-13
85.5556	1.59272E-13	1.59272E-13	1.24263E-12	9.91462E-16	1.52728E-13	-1.06592E-13
85.7222	1.60468E-13	1.60468E-13	1.21494E-12	9.13566E-16	1.55467E-13	-1.05869E-13
85.8889	1.61869E-13	1.61869E-13	1.185E-12	8.60421E-16	1.57955E-13	-1.04507E-13
86.0556	1.63494E-13	1.63494E-13	1.15322E-12	8.23191E-16	1.60163E-13	-1.02593E-13
86.2222	1.65363E-13	1.65363E-13	1.11993E-12	7.96356E-16	1.62053E-13	-1.00206E-13
86.3889	1.675E-13	1.675E-13	1.08536E-12	7.76246E-16	1.63609E-13	-9.74272E-14
86.5556	1.69933E-13	1.69933E-13	1.04972E-12	7.60388E-16	1.64809E-13	-9.43194E-14
86.7222	1.72691E-13	1.72691E-13	1.01313E-12	7.47117E-16	1.65641E-13	-9.0935E-14
86.8889	1.75809E-13	1.75809E-13	9.75718E-13	7.35288E-16	1.66115E-13	-8.73165E-14
87.0556	1.79323E-13	1.79323E-13	9.37559E-13	7.24107E-16	1.66218E-13	-8.34991E-14
87.2222	1.83279E-13	1.83279E-13	8.98717E-13	7.13026E-16	1.65959E-13	-7.95123E-14
87.3889	1.87726E-13	1.87726E-13	8.59239E-13	7.01663E-16	1.65351E-13	-7.53819E-14
87.5556	1.92723E-13	1.92723E-13	8.1916E-13	6.89746E-16	1.64406E-13	-7.11314E-14
87.7222	1.98339E-13	1.98339E-13	7.78503E-13	6.77088E-16	1.63144E-13	-6.6783E-14
87.8889	2.04658E-13	2.04658E-13	7.37291E-13	6.63553E-16	1.61588E-13	-6.23581E-14
88.0556	2.11778E-13	2.11778E-13	6.95542E-13	6.49044E-16	1.59763E-13	-5.78784E-14
88.2222	2.19824E-13	2.19824E-13	6.53276E-13	6.32235E-16	1.57664E-13	-5.3366E-14
88.3889	2.28946E-13	2.28946E-13	6.10516E-13	6.16833E-16	1.55441E-13	-4.88439E-14
88.5556	2.39336E-13	2.39336E-13	5.67295E-13	5.99033E-16	1.53026E-13	-4.43365E-14
88.7222	2.51238E-13	2.51238E-13	5.23655E-13	5.80052E-16	1.50509E-13	-3.987E-14
88.8889	2.64968E-13	2.64968E-13	4.79651E-13	5.59853E-16	1.47956E-13	-3.54725E-14
89.0556	2.80948E-13	2.80948E-13	4.35362E-13	5.38403E-16	1.45443E-13	-3.1175E-14
89.2222	2.99744E-13	2.99744E-13	3.90887E-13	5.15635E-16	1.43072E-13	-2.70118E-14
89.3889	3.22141E-13	3.22141E-13	3.46363E-13	4.91501E-16	1.40967E-13	-2.30214E-14
89.5556	3.49254E-13	3.49254E-13	3.01974E-13	4.65919E-16	1.39298E-13	-1.92477E-14
89.7222	3.82709E-13	3.82709E-13	2.57972E-13	4.3875E-16	1.38297E-13	-1.57411E-14
89.8889	4.24968E-13	4.24968E-13	2.14714E-13	4.09815E-16	1.38295E-13	-1.25615E-14
90.0556	4.79891E-13	4.79891E-13	1.72713E-13	3.78858E-16	1.39793E-13	-9.7799E-15
90.2222	5.53793E-13	5.53793E-13	1.32731E-13	3.4551E-16	1.43578E-13	-7.48265E-15
90.3889	6.57413E-13	6.57413E-13	9.58996E-14	3.09262E-16	1.50945E-13	-5.7758E-15
90.5556	8.09514E-13	8.09514E-13	6.38579E-14	2.69352E-16	1.64078E-13	-4.78923E-15
90.7222	1.21027E-12	1.21027E-12	3.8766E-14	0	1.09018E-13	-4.67146E-15
90.8889	1.39103E-12	1.39103E-12	2.27708E-14	1.71128E-16	2.21234E-13	-5.5177E-15
91.0556	1.81433E-12	1.81433E-12	1.59385E-14	1.12724E-16	2.60348E-13	-6.98846E-15
91.2222	2.00761E-12	2.00761E-12	1.41673E-14	8.1511E-17	2.67965E-13	-7.71928E-15
91.3889	1.97807E-12	1.97807E-12	1.36711E-14	7.46916E-17	2.5666E-13	-7.77477E-15
91.5556	1.94312E-12	1.94312E-12	1.34548E-14	7.4134E-17	2.48468E-13	-7.81625E-15
91.7222	1.90863E-12	1.90863E-12	1.33096E-14	7.42746E-17	2.4251E-13	-7.85253E-15
91.8889	1.87437E-12	1.87437E-12	1.31945E-14	7.46638E-17	2.38014E-13	-7.88322E-15
92.0556	1.84039E-12	1.84039E-12	1.30983E-14	7.51725E-17	2.34481E-13	-7.90898E-15
92.2222	1.80684E-12	1.80684E-12	1.30155E-14	7.57253E-17	2.31585E-13	-7.93044E-15
92.3889	1.77391E-12	1.77391E-12	1.29424E-14	7.69268E-17	2.29109E-13	-7.94828E-15
92.5556	1.74174E-12	1.74174E-12	1.28764E-14	7.70925E-17	2.26958E-13	-7.96303E-15
92.7222	1.71046E-12	1.71046E-12	1.28158E-14	7.7775E-17	2.24991E-13	-7.9751E-15
92.8889	1.68015E-12	1.68015E-12	1.27594E-14	7.84592E-17	1.48613E-13	-1.41511E-16
93.0556	1.65117E-12	1.65117E-12	1.27063E-14	0	1.23662E-13	-7.99251E-15
93.2222	1.56157E-12	1.56157E-12	1.26561E-14	0	1.22783E-13	-7.99832E-15
93.3889	1.59543E-12	1.59543E-12	1.26084E-14	8.04274E-17	2.18176E-13	-8.0025E-15
93.5556	1.5693E-12	1.5693E-12	1.2563E-14	8.10511E-17	2.17493E-13	-1.45845E-16
93.7222	1.54423E-12	1.54423E-12	1.25198E-14	8.16693E-17	2.15094E-13	-8.00642E-15
93.8889	1.52018E-12	1.52018E-12	1.24788E-14	8.22751E-17	2.13601E-13	-8.00643E-15
94.0556	1.49714E-12	1.49714E-12	1.24398E-14	8.28771E-17	2.12138E-13	-8.00527E-15
94.2222	1.47507E-12	1.47507E-12	1.24028E-14	8.34734E-17	2.10701E-13	-8.00305E-15
94.3889	1.45395E-12	1.45395E-12	1.23679E-14	8.40664E-17	2.0929E-13	-7.99984E-15
94.4444	1.44745E-12	1.44745E-12	1.23572E-14	8.42547E-17	2.08848E-13	-7.99863E-15
94.6111	1.44307E-12	1.44307E-12	1.21654E-14	0	1.85801E-13	-7.8095E-15
94.7778	1.42615E-12	1.42615E-12	1.199E-14	1.10349E-16	1.99468E-13	-7.57929E-15
94.9444	1.40763E-12	1.40763E-12	1.18166E-14	1.34422E-16	1.95179E-13	-7.33263E-15
95.1111	1.38846E-12	1.38846E-12	1.16432E-14	1.69591E-16	1.91026E-13	-7.11656E-15
95.2778	1.3687E-12	1.3687E-12	1.14686E-14	2.17141E-16	1.88498E-13	-6.62141E-15
95.4444	1.34859E-12	1.34859E-12	1.12917E-14	0	1.83028E-13	-6.30647E-15
95.6111	1.32753E-12	1.32753E-12	1.11104E-14	7.27017E-16	1.79719E-13	-5.99797E-15
95.7778	1.3064E-12	1.3064E-12	1.09218E-14	6.81482E-16	1.85116E-13	-5.69894E-15
95.9444	1.28458E-12	1.28458E-12	1.07212E-14	9.37452E-16	1.89712E-13	-5.38536E-15
96	1.27388E-12	1.27388E-12	1.06504E-14	0	1.69249E-13	-5.31362E-15