Time	OH(C2w)	Time	OH(C2wo)	Time	HO2(C2w)	Time	HO2(C2wo)	Time	NO3(C2w)	Time	NO3(C2wo)	Time	aOH(C2w)	Time	aOH(C2wo)	Time	aHO2(C2w)	Time	aHO2(C2wo)	Time	aNO3(C2w)	Time	aNO3(C2wo)
23.99194	9961.89	24.00417	26718.7	23.99194	102869	24.00417	2.92E+07	23.99194	2.44E+07	24.00417	1.41E+08	23.99194	1.88E-14	24.00417	9.63E-15	24.04194	3.81E-10	24.00417	1.12E-09	23.99194	5.51E-13	24.00417	7.05E-13
24.15861	9930.13	24.17083	26749.8	24.15861	104174	24.17083	2.93E+07	24.15861	2.43E+07	24.17083	1.40E+08	24.15861	1.86E-14	24.17083	9.56E-15	24.20861	3.94E-10	24.17083	1.12E-09	24.15861	5.49E-13	24.17083	7.03E-13
24.32528	9885.06	24.3375	26776	24.32528	105530	24.3375	2.93E+07	24.32528	2.43E+07	24.3375	1.39E+08	24.32528	1.84E-14	24.3375	9.50E-15	24.37528	4.05E-10	24.3375	1.12E-09	24.32528	5.48E-13	24.3375	7.00E-13
24.49194	9830.2	24.50417	26797.8	24.49194	106959	24.50417	2.93E+07	24.49194	2.42E+07	24.50417	1.38E+08	24.49194	1.82E-14	24.50417	9.43E-15	24.54194	4.15E-10	24.50417	1.12E-09	24.49194	5.46E-13	24.50417	6.98E-13
24.65861	9769.47	24.67083	26815.4	24.65861	108478	24.67083	2.93E+07	24.65861	2.41E+07	24.67083	1.37E+08	24.65861	1.79E-14	24.67083	9.37E-15	24.70861	4.23E-10	24.67083	1.12E-09	24.65861	5.44E-13	24.67083	6.95E-13
24.82528	9702.75	24.8375	26829	24.82528	110092	24.8375	2.94E+07	24.82528	2.40E+07	24.8375	1.36E+08	24.82528	1.77E-14	24.8375	9.30E-15	24.87528	4.29E-10	24.8375	1.12E-09	24.82528	5.42E-13	24.8375	6.93E-13
24.84194	9695.94	25.00417	26839	24.84194	110256	25.00417	2.94E+07	24.84194	2.40E+07	25.00417	1.36E+08	24.84194	1.76E-14	25.00417	9.24E-15	24.95861	4.31E-10	25.00417	1.12E-09	24.84194	5.41E-13	25.00417	6.91E-13
25.00861	17153.6	25.17083	26845.6	25.00861	1.13E+07	25.17083	2.94E+07	25.00861	5.66E+07	25.17083	1.35E+08	25.00861	5.63E-15	25.17083	9.18E-15	25.12528	1.33E-09	25.17083	1.12E-09	25.00861	4.33E-13	25.17083	6.88E-13
25.09194	20039.4	25.3375	26848.9	25.09194	1.81E+07	25.3375	2.94E+07	25.09194	8.80E+07	25.3375	1.34E+08	25.09194	5.53E-15	25.3375	9.12E-15	25.20861	1.12E-09	25.3375	1.12E-09	25.09194	5.30E-13	25.3375	6.86E-13
25.25861	20814.9	25.50417	26849.3	25.25861	2.05E+07	25.50417	2.94E+07	25.25861	9.79E+07	25.50417	1.33E+08	25.25861	5.54E-15	25.50417	9.06E-15	25.37528	1.22E-09	25.50417	1.13E-09	25.25861	6.15E-13	25.50417	6.84E-13
25.42528	21167.9	25.67083	26846.7	25.42528	2.16E+07	25.67083	2.95E+07	25.42528	9.82E+07	25.67083	1.32E+08	25.42528	5.41E-15	25.67083	9.00E-15	25.54194	1.29E-09	25.67083	1.13E-09	25.42528	6.28E-13	25.67083	6.82E-13
25.59194	21455.8	25.8375	26841.6	25.59194	2.23E+07	25.8375	2.95E+07	25.59194	9.84E+07	25.8375	1.31E+08	25.59194	5.32E-15	25.8375	8.93E-15	25.70861	1.34E-09	25.8375	1.13E-09	25.59194	6.34E-13	25.8375	6.80E-13
25.75861	21710.3	26.00417	26833.9	25.75861	2.28E+07	26.00417	2.95E+07	25.75861	9.85E+07	26.00417	1.31E+08	25.75861	5.25E-15	26.00417	8.87E-15	25.87528	1.38E-09	26.00417	1.13E-09	25.75861	6.37E-13	26.00417	6.78E-13
25.92528	21935.7	26.17083	26823.8	25.92528	2.32E+07	26.17083	2.95E+07	25.92528	9.84E+07	26.17083	1.30E+08	25.92528	5.20E-15	26.17083	8.81E-15	26.04194	1.40E-09	26.17083	1.13E-09	25.92528	6.38E-13	26.17083	6.76E-13
26.09194	22133	26.3375	26811.5	26.09194	2.36E+07	26.3375	2.95E+07	26.09194	9.83E+07	26.3375	1.29E+08	26.09194	5.15E-15	26.3375	8.76E-15	26.20861	1.41E-09	26.3375	1.13E-09	26.09194	6.37E-13	26.3375	6.74E-13
26.25861	22304.1	26.50417	26797.1	26.25861	2.38E+07	26.50417	2.95E+07	26.25861	9.81E+07	26.50417	1.28E+08	26.25861	5.11E-15	26.50417	8.70E-15	26.37528	1.41E-09	26.50417	1.13E-09	26.25861	6.36E-13	26.50417	6.72E-13
26.42528	22451.8	26.67083	26780.7	26.42528	2.41E+07	26.67083	2.95E+07	26.42528	9.78E+07	26.67083	1.28E+08	26.42528	5.07E-15	26.67083	8.64E-15	26.54194	1.42E-09	26.67083	1.13E-09	26.42528	6.35E-13	26.67083	6.70E-13
26.59194	22579.2	26.8375	26762.4	26.59194	2.42E+07	26.8375	2.95E+07	26.59194	9.75E+07	26.8375	1.27E+08	26.59194	5.04E-15	26.8375	8.58E-15	26.70861	1.43E-09	26.8375	1.13E-09	26.59194	6.33E-13	26.8375	6.68E-13
26.75861	22689.3	27.00417	26742.3	26.75861	2.44E+07	27.00417	2.95E+07	26.75861	9.71E+07	27.00417	1.26E+08	26.75861	5.02E-15	27.00417	8.52E-15	26.87528	1.43E-09	27.00417	1.13E-09	26.75861	6.31E-13	27.00417	6.66E-13
26.92528	22784.7	27.17083	26720.5	26.92528	2.45E+07	27.17083	2.95E+07	26.92528	9.67E+07	27.17083	1.26E+08	26.92528	4.99E-15	27.17083	8.47E-15	27.04194	1.43E-09	27.17083	1.13E-09	26.92528	6.29E-13	27.17083	6.64E-13
27.09194	22867.5	27.3375	26697.1	27.09194	2.46E+07	27.3375	2.95E+07	27.09194	9.63E+07	27.3375	1.25E+08	27.09194	4.97E-15	27.3375	8.41E-15	27.20861	1.44E-09	27.3375	1.13E-09	27.09194	6.27E-13	27.3375	6.62E-13
27.25861	22939.6	27.50417	26672.2	27.25861	2.46E+07	27.50417	2.95E+07	27.25861	9.59E+07	27.50417	1.24E+08	27.25861	4.95E-15	27.50417	8.35E-15	27.37528	1.44E-09	27.50417	1.13E-09	27.25861	6.25E-13	27.50417	6.60E-13
27.42528	23002.4	27.67083	26645.8	27.42528	2.47E+07	27.67083	2.95E+07	27.42528	9.55E+07	27.67083	1.24E+08	27.42528	4.94E-15	27.67083	8.30E-15	27.54194	1.44E-09	27.67083	1.13E-09	27.42528	6.23E-13	27.67083	6.58E-13
27.59194	23057.1	27.8375	26618.1	27.59194	2.48E+07	27.8375	2.95E+07	27.59194	9.51E+07	27.8375	1.23E+08	27.59194	4.92E-15	27.8375	8.24E-15	27.70861	1.44E-09	27.8375	1.13E-09	27.59194	6.20E-13	27.8375	6.56E-13
27.75861	23104.5	28.00417	26589	27.75861	2.48E+07	28.00417	2.95E+07	27.75861	9.47E+07	28.00417	1.23E+08	27.75861	4.90E-15	28.00417	8.19E-15	27.87528	1.44E-09	28.00417	1.13E-09	27.75861	6.18E-13	28.00417	6.55E-13
27.92528	23145.5	28.17083	26558.7	27.92528	2.49E+07	28.17083	2.95E+07	27.92528	9.42E+07	28.17083	1.22E+08	27.92528	4.89E-15	28.17083	8.13E-15	28.04194	1.44E-09	28.17083	1.13E-09	27.92528	6.16E-13	28.17083	6.53E-13
28.09194	23180.5	28.3375	26527.2	28.09194	2.49E+07	28.3375	2.95E+07	28.09194	9.38E+07	28.3375	1.21E+08	28.09194	4.88E-15	28.3375	8.08E-15	28.20861	1.44E-09	28.3375	1.13E-09	28.09194	6.14E-13	28.3375	6.51E-13
28.25861	23210.3	28.50417	26494.6	28.25861	2.49E+07	28.50417	2.95E+07	28.25861	9.34E+07	28.50417	1.21E+08	28.25861	4.86E-15	28.50417	8.02E-15	28.37528	1.44E-09	28.50417	1.13E-09	28.25861	6.12E-13	28.50417	6.49E-13
28.42528	23235.1	28.67083	26460.9	28.42528	2.50E+07	28.67083	2.95E+07	28.42528	9.30E+07	28.67083	1.20E+08	28.42528	4.85E-15	28.67083	7.97E-15	28.54194	1.44E-09	28.67083	1.13E-09	28.42528	6.10E-13	28.67083	6.47E-13
28.59194	23255.5	28.8375	26426.2	28.59194	2.50E+07	28.8375	2.95E+07	28.59194	9.26E+07	28.8375	1.20E+08	28.59194	4.83E-15	28.8375	7.92E-15	28.70861	1.44E-09	28.8375	1.13E-09	28.59194	6.08E-13	28.8375	6.45E-13
28.75861	23271.6	29.00417	26382.1	28.75861	2.50E+07	29.00417	2.95E+07	28.75861	9.22E+07	29.00417	1.14E+08	28.75861	4.82E-15	29.00417	7.80E-15	28.87528	1.44E-09	29.00417	1.12E-09	28.75861	6.06E-13	29.00417	6.18E-13
28.92528	23283.8	29.17083	29465.5	28.92528	2.50E+07	29.17083	3.37E+07	28.92528	9.17E+07	29.17083	7.98E+07	28.92528	4.81E-15	29.17083	7.59E-15	29.04194	1.45E-09	29.17083	1.17E-09	28.92528	6.03E-13	29.17083	4.32E-13
29.09194	23950.1	29.3375	46376.7	29.09194	2.60E+07	29.3375	4.96E+07	29.09194	7.76E+07	29.3375	5.15E+07	29.09194	4.72E-15	29.3375	8.46E-15	29.20861	1.64E-09	29.3375	1.40E-09	29.09194	5.11E-13	29.3375	2.78E-13
29.25861	33915.5	29.50417	71512.2	29.25861	3.81E+07	29.50417	5.77E+07	29.25861	5.29E+07	29.50417	3.65E+07	29.25861	5.25E-15	29.50417	9.04E-15	29.37528	2.07E-09	29.50417	1.59E-09	29.25861	3.48E-13	29.50417	1.96E-13
29.42528	55990.3	29.67083	101502	29.42528	4.92E+07	29.67083	6.13E+07	29.42528	3.67E+07	29.67083	2.83E+07	29.42528	6.00E-15	29.67083	9.28E-15	29.54194	2.28E-09	29.67083	1.65E-09	29.42528	2.41E-13	29.67083	1.51E-13
29.59194	79697.6	29.8375	142169	29.59194	5.00E+07	29.8375	6.77E+07	29.59194	2.75E+07	29.8375	2.34E+07	29.59194	6.27E-15	29.8375	9.64E-15	29.70861	2.29E-09	29.8375	1.67E-09	29.59194	1.80E-13	29.8375	1.24E-13
29.75861	111993	30.00417	193239	29.75861	5.34E+07	30.00417	7.56E+07	29.75861	2.22E+07	30.00417	2.02E+07	29.75861	6.53E-15	30.00417	1.02E-14	29.87528	2.25E-09	30.00417	1.71E-09	29.75861	1.44E-13	30.00417	1.07E-13
29.92528	154456	30.17083	253471	29.92528	5.90E+07	30.17083	8.39E+07	29.92528	1.88E+07	30.17083	1.80E+07	29.92528	6.90E-15	30.17083	1.09E-14	30.04194	2.26E-09	30.17083	1.76E-09	29.92528	1.22E-13	30.17083	9.54E-14
30.09194	205749	30.3375	322071	30.09194	6.54E+07	30.3375	9.25E+07	30.09194	1.65E+07	30.3375	1.63E+07	30.09194	7.44E-15	30.3375	1.17E-14	30.20861	2.31E-09	30.3375	1.81E-09	30.09194	1.07E-13	30.3375	8.68E-14
30.25861	265064	30.50417	398500	30.25861	7.22E+07	30.50417	1.01E+08	30.25861	1.48E+07	30.50417	1.51E+07	30.25861	8.10E-15	30.50417	1.26E-14	30.37528	2.38E-09	30.50417	1.87E-09	30.25861	9.59E-14	30.50417	8.03E-14
30.42528	331879	30.67083	482309	30.42528	7.92E+07	30.67083	1.10E+08	30.42528	1.36E+07	30.67083	1.42E+07	30.42528	8.84E-15	30.67083	1.35E-14	30.54194	2.44E-09	30.67083	1.93E-09	30.42528	8.79E-14	30.67083	7.53E-14
30.59194	405778	30.8375	573054	30.59194	8.64E+07	30.8375	1.19E+08	30.59194	1.26E+07	30.8375	1.34E+07	30.59194	9.65E-15	30.8375	1.44E-14	30.70861	2.51E-09	30.8375	1.98E-09	30.59194	8.18E-14	30.8375	7.12E-14
30.75861	486382	31.00417	670253	30.75861	9.37E+07	31.00417	1.28E+08	30.75861	1.19E+07	31.00417	1.28E+07	30.75861	1.05E-14	31.00417	1.53E-14	30.87528	2.58E-09	31.00417	2.04E-09	30.75861	7.69E-14	31.00417	6.80E-14
30.92528	573296	31.17083	773366	30.92528	1.01E+08	31.17083	1.37E+08	30.92528	1.13E+07	31.17083	1.23E+07	30.92528	1.14E-14	31.17083	1.63E-14	31.04194	2.64E-09	31.17083	2.09E-09	30.92528	7.30E-14	31.17083	6.53E-14
31.09194	666083	31.3375	881802	31.09194	1.09E+08	31.3375	1.46E+08	31.09194	1.08E+07	31.3375	1.19E+07	31.09194	1.23E-14	31.3375	1.73E-14	31.20861	2.71E-09	31.3375	2.15E-09	31.09194	6.99E-14	31.3375	6.31E-14
31.25861	764260	31.50417	994926	31.25861	1.16E+08	31.50417	1.56E+08	31.25861	1.04E+07	31.50417	1.15E+07	31.25861	1.33E-14	31.50417	1.83E-14	31.37528	2.78E-09	31.50417	2.20E-09	31.25861	6.73E-14	31.50417	6.12E-14
31.42528	867299	31.67083	1.11E+06	31.42528	1.24E+08	31.67083	1.65E+08	31.42528	1.01E+07	31.67083	1.12E+07	31.42528	1.43E-14	31.67083	1.94E-14	31.54194	2.84E-09	31.67083	2.26E-09	31.42528	6.51E-14	31.67083	5.97E-14
31.59194	974636	31.8375	1.23E+06	31.59194	1.32E+08	31.8375	1.75E+08	31.59194	9.77E+06	31.8375	1.10E+07	31.59194	1.53E-14	31.8375	2.04E-14	31.70861	2.91E-09	31.8375	2.31E-09	31.59194	6.33E-14	31.8375	5.83E-14
31.75861	1.09E+06	32.00417	1.36E+06	31.75861	1.40E+08	32.00417	1.84E+08	31.75861	9.54E+06	32.00417	1.07E+07	31.75861	1.64E-14	32.00417	2.15E-14	31.87528	2.97E-09	32.00417	2.36E-09	31.75861	6.18E-14	32.00417	5.73E-14
31.92528	1.20E+06	32.17083	1.48E+06	31.92528	1.48E+08	32.17083	1.93E+08	31.92528	9.34E+06	32.17083	1.06E+07	31.92528	1.75E-14	32.17083	2.25E-14	32.04194	3.04E-09	32.17083	2.42E-09	31.92528	6.05E-14	32.17083	5.63E-14
32.09194	1.32E+06	32.3375	1.61E+06	32.09194	1.56E+08	32.3375	2.03E+08	32.09194	9.17E+06	32.3375	1.04E+07	32.09194	1.86E-14	32.3375	2.36E-14	32.20861	3.10E-09	32.3375	2.47E-09	32.09194	5.94E-14	32.3375	5.56E-14
32.25861	1.43E+06	32.50417	1.73E+06	32.25861	1.64E+08	32.50417	2.12E+08	32.25861	9.03E+06	32.50417	1.03E+07	32.25861	1.97E-14	32.50417	2.46E-14	32.37528	3.16E-09	32.50417	2.52E-09	32.25861	5.85E-14	32.50417	5.50E-14
32.42528	1.55E+06	32.67083	1.86E+06	32.42528	1.72E+08	32.67083	2.22E+08	32.42528	8.92E+06	32.67083	1.02E+07	32.42528	2.08E-14	32.67083	2.57E-14	32.54194	3.22E-09	32.67083	2.59E-09	32.42528	5.78E-14	32.67083	5.45E-14
32.59194	1.67E+06	32.8375	1.99E+06	32.59194	1.80E+08	32.8375	2.31E+08	32.59194	8.83E+06	32.8375	1.01E+07	32.59194	2.19E-14	32.8375	2.67E-14	32.70861	3.29E-09	32.8375	2.64E-09	32.59194	5.72E-14	32.8375	5.41E-14
32.75861	1.79E+06	33.00417	2.11E+06	32.75861	1.88E+08	33.00417	2.40E+08	32.75861	8.75E+06	33.00417	1.01E+07	32.75861	2.30E-14	33.00417	2.78E-14	32.87528	3.35E-09	33.00417	2.69E-09	32.75861	5.68E-14	33.00417	5.38E-14
32.92528	1.91E+06	33.17083	2.23E+06	32.92528	1.96E+08	33.17083	2.50E+08	32.92528	8.69E+06	33.17083	1.00E+07	32.92528	2.42E-14	33.17083	2.88E-14	33.04194	3.41E-09	33.17083	2.74E-09	32.92528	5.64E-14	33.17083	5.35E-14
33.09194	2.03E+06	33.3375	2.35E+06	33.09194	2.04E+08	33.3375	2.59E+08	33.09194	8.65E+06	33.3375	9.98E+06	33.09194	2.53E-14	33.3375	2.98E-14	33.20861	3.47E-09	33.3375	2.78E-09	33.09194	5.62E-14	33.3375	5.34E-14
33.25861	2.15E+06	33.50417	2.47E+06	33.25861	2.12E+08	33.50417	2.68E+08	33.25861	8.62E+06	33.50417	9.96E+06	33.25861	2.64E-14	33.50417	3.08E-14	33.37528	3.53E-09	33.50417	2.83E-09	33.25861	5.60E-14	33.50417	5.34E-14
33.42528	2.26E+06	33.67083	2.58E+06	33.42528	2.20E+08	33.67083	2.77E+08	33.42528	8.61E+06	33.67083	9.96E+06	33.42528	2.75E-14	33.67083	3.18E-14	33.54194	3.58E-09	33.67083	2.88E-09	33.42528	5.59E-14	33.67083	5.34E-14
33.59194	2.37E+06	33.8375	2.69E+06	33.59194	2.28E+08	33.8375	2.86E+08	33.59194	8.60E+06	33.8375	9.96E+06	33.59194	2.86E-14	33.8375	3.27E-14	33.70861	3.64E-09	33.8375	2.92E-09	33.59194	5.59E-14	33.8375	5.34E-14
33.75861	2.48E+06	34.00417	2.79E+06	33.75861	2.36E+08	34.00417	2.95E+08	33.75861	8.61E+06	34.00417	9.98E+06	33.75861	2.96E-14	34.00417	3.37E-14	33.87528	3.69E-09	34.00417	2.97E-09	33.75861	5.60E-14	34.00417	5.36E-14
33.92528	2.58E+06	34.17083	2.89E+06	33.92528	2.43E+08	34.17083	3.03E+08	33.92528	8.62E+06	34.17083	1.00E+07	33.92528	3.07E-14	34.17083	3.46E-14	34.04194	3.74E-09	34.17083	3.01E-09	33.92528	5.61E-14	34.17083	5.37E-14
34.09194	2.68E+06	34.3375	2.98E+06	34.09194	2.51E+08	34.3375	3.12E+08	34.09194	8.65E+06	34.3375	1.00E+07	34.09194	3.17E-14	34.3375	3.55E-14	34.20861	3.78E-09	34.3375	3.05E-09	34.09194	5.63E-14	34.3375	5.40E-14
34.25861	2.77E+06	34.50417	3.07E+06	34.25861	2.58E+08	34.50417	3.20E+08	34.25861	8.68E+06	34.50417	1.01E+07	34.25861	3.27E-14	34.50417	3.64E-14	34.37528	3.83E-09	34.50417	3.08E-09	34.25861	5.65E-14	34.50417	5.42E-14
34.42528	2.86E+06	34.67083	3.14E+06	34.42528	2.66E+08	34.67083	3.27E+08	34.42528	8.72E+06	34.67083	1.01E+07	34.42528	3.37E-14	34.67083	3.73E-14	34.54194	3.87E-09	34.67083	3.12E-09	34.42528	5.68E-14	34.67083	5.46E-14
34.59194	2.94E+06	34.8375	3.22E+06	34.59194	2.73E+08	34.8375	3.35E+08	34.59194	8.77E+06	34.8375	1.02E+07	34.59194	3.47E-14	34.8375	3.81E-14	34.70861	3.91E-09	34.8375	3.15E-09	34.59194	5.71E-14	34.8375	5.49E-14
34.75861	3.01E+06	35.00417	3.28E+06	34.75861	2.79E+08	35.00417	3.42E+08	34.75861	8.83E+06	35.00417	1.03E+07	34.75861	3.56E-14	35.00417	3.89E-14	34.87528	3.95E-09	35.00417	3.19E-09	34.75861	5.75E-14	35.00417	5.53E-14
34.92528	3.08E+06	35.17083	3.34E+06	34.92528	2.86E+08	35.17083	3.48E+08	34.92528	8.89E+06	35.17083	1.03E+07	34.92528	3.65E-14	35.17083	3.96E-14	35.04194	3.98E-09	35.17083	3.21E-09	34.92528	5.79E-14	35.17083	5.57E-14
35.09194	3.14E+06	35.3375	3.39E+06	35.09194	2.92E+08	35.3375	3.54E+08	35.09194	8.96E+06	35.3375	1.04E+07	35.09194	3.73E-14	35.3375	4.03E-14	35.10861	4.00E-09	35.3375	3.24E-09	35.09194	5.84E-14	35.3375	5.62E-14
35.10861	3.15E+06	35.50417	3.43E+06	35.10861	2.92E+08	35.50417	3.60E+08	35.10861	8.97E+06	35.50417	1.05E+07	35.10861	3.74E-14	35.50417	4.10E-14	35.27528	5.04E-09	35.50417	3.26E-09	35.10861	5.84E-14	35.50417	5.67E-14
35.27528	2.28E+06	35.67083	3.46E+06	35.27528	1.71E+08	35.67083	3.64E+08	35.27528	6.26E+06	35.67083	1.06E+07	35.27528	8.17E-14	35.67083	4.17E-14	35.35861	5.33E-10	35.67083	3.28E-09	35.27528	8.38E-14	35.67083	5.72E-14
35.35861	282886	35.8375	3.48E+06	35.35861	1.81E+06	35.8375	3.69E+08	35.35861	4.14E+06	35.8375	1.07E+07	35.35861	8.84E-14	35.8375	4.22E-14	35.52528	7.85E-10	35.8375	3.30E-09	35.35861	7.85E-14	35.8375	5.77E-14
35.52528	289385	36.00417	3.50E+06	35.52528	2.64E+06	36.00417	3.72E+08	35.52528	4.86E+06	36.00417	1.08E+07	35.52528	1.10E-13	36.00417	4.28E-14	35.69194	9.07E-10	36.00417	3.32E-09	35.52528	1.08E-13	36.00417	5.83E-14
35.69194	292038	36.17083	3.50E+06	35.69194	3.31E+06	36.17083	3.75E+08	35.69194	4.91E+06	36.17083	1.09E+07	35.69194	1.11E-13	36.17083	4.33E-14	35.85861	1.02E-09	36.17083	3.33E-09	35.69194	1.10E-13	36.17083	5.89E-14
35.85861	294280	36.3375	3.50E+06	35.85861	3.76E+06	36.3375	3.77E+08	35.85861	4.92E+06	36.3375	1.10E+07	35.85861	1.12E-13	36.3375	4.37E-14	36.02528	1.16E-09	36.3375	3.34E-09	35.85861	1.11E-13	36.3375	5.95E-14
36.02528	295816	36.50417	3.49E+06	36.02528	4.12E+06	36.50417	3.79E+08	36.02528	4.92E+06	36.50417	1.11E+07	36.02528	1.14E-13	36.50417	4.40E-14	36.19194	1.31E-09	36.50417	3.35E-09	36.02528	1.11E-13	36.50417	6.02E-14
36.19194	296558	36.67083	3.47E+06	36.19194	4.41E+06	36.67083	3.79E+08	36.19194	4.92E+06	36.67083	1.12E+07	36.19194	1.15E-13	36.67083	4.43E-14	36.35861	1.48E-09	36.67083	3.35E-09	36.19194	1.11E-13	36.67083	6.09E-14
36.35861	296444	36.8375	3.44E+06	36.35861	4.65E+06	36.8375	3.79E+08	36.35861	4.91E+06	36.8375	1.13E+07	36.35861	1.16E-13	36.8375	4.46E-14	36.52528	1.65E-09	36.8375	3.35E-09	36.35861	1.11E-13	36.8375	6.16E-14
36.52528	295441	37.00417	3.41E+06	36.52528	4.87E+06	37.00417	3.78E+08	36.52528	4.91E+06	37.00417	1.14E+07	36.52528	1.17E-13	37.00417	4.47E-14	36.64194	1.76E-09	37.00417	3.34E-09	36.52528	1.11E-13	37.00417	6.23E-14
36.64194	294199	37.17083	3.36E+06	36.64194	5.00E+06	37.17083	3.76E+08	36.64194	4.91E+06	37.17083	1.16E+07	36.64194	1.18E-13	37.17083	4.48E-14	36.80861	3.53E-09	37.17083	3.34E-09	36.64194	1.11E-13	37.17083	6.30E-14
36.80861	2.43E+06	37.3375	3.31E+06	36.80861	1.66E+08	37.3375	3.73E+08	36.80861	7.00E+06	37.3375	1.17E+07	36.80861	2.46E-14	37.3375	4.48E-14	36.89194	3.52E-09	37.3375	3.33E-09	36.80861	5.66E-14	37.3375	6.38E-14
36.89194	3.01E+06	37.50417	3.25E+06	36.89194	2.35E+08	37.50417	3.69E+08	36.89194	8.44E+06	37.50417	1.19E+07	36.89194	2.36E-14	37.50417	4.47E-14	37.05861	3.79E-09	37.50417	3.31E-09	36.89194	5.35E-14	37.50417	6.47E-14
37.05861	2.97E+06	37.67083	3.18E+06	37.05861	2.35E+08	37.67083	3.65E+08	37.05861	8.62E+06	37.67083	1.20E+07	37.05861	2.42E-14	37.67083	4.45E-14	37.22528	3.94E-09	37.67083	3.29E-09	37.05861	5.60E-14	37.67083	6.55E-14
37.22528	2.96E+06	37.8375	3.11E+06	37.22528	2.37E+08	37.8375	3.59E+08	37.22528	8.76E+06	37.8375	1.22E+07	37.22528	2.44E-14	37.8375	4.42E-14	37.39194	4.04E-09	37.8375	3.27E-09	37.22528	5.74E-14	37.8375	6.64E-14
37.39194	2.93E+06	38.00417	3.02E+06	37.39194	2.38E+08	38.00417	3.53E+08	37.39194	8.90E+06	38.00417	1.24E+07	37.39194	2.44E-14	38.00417	4.39E-14	37.55861	4.09E-09	38.00417	3.25E-09	37.39194	5.85E-14	38.00417	6.73E-14
37.55861	2.89E+06	38.17083	2.94E+06	37.55861	2.38E+08	38.17083	3.46E+08	37.55861	9.05E+06	38.17083	1.25E+07	37.55861	2.43E-14	38.17083	4.34E-14	37.72528	4.12E-09	38.17083	3.22E-09	37.55861	5.94E-14	38.17083	6.83E-14
37.72528	2.84E+06	38.3375	2.84E+06	37.72528	2.36E+08	38.3375	3.38E+08	37.72528	9.19E+06	38.3375	1.27E+07	37.72528	2.42E-14	38.3375	4.29E-14	37.89194	4.12E-09	38.3375	3.19E-09	37.72528	6.02E-14	38.3375	6.93E-14
37.89194	2.78E+06	38.50417	2.74E+06	37.89194	2.34E+08	38.50417	3.29E+08	37.89194	9.35E+06	38.50417	1.29E+07	37.89194	2.40E-14	38.50417	4.23E-14	38.05861	4.12E-09	38.50417	3.16E-09	37.89194	6.10E-14	38.50417	7.04E-14
38.05861	2.71E+06	38.67083	2.63E+06	38.05861	2.31E+08	38.67083	3.20E+08	38.05861	9.50E+06	38.67083	1.31E+07	38.05861	2.38E-14	38.67083	4.16E-14	38.22528	4.10E-09	38.67083	3.12E-09	38.05861	6.18E-14	38.67083	7.16E-14
38.22528	2.63E+06	38.8375	2.52E+06	38.22528	2.28E+08	38.8375	3.10E+08	38.22528	9.67E+06	38.8375	1.34E+07	38.22528	2.36E-14	38.8375	4.08E-14	38.39194	4.07E-09	38.8375	3.08E-09	38.22528	6.27E-14	38.8375	7.28E-14
38.39194	2.54E+06	39.00417	2.41E+06	38.39194	2.23E+08	39.00417	2.99E+08	38.39194	9.83E+06	39.00417	1.36E+07	38.39194	2.33E-14	39.00417	3.99E-14	38.55861	4.04E-09	39.00417	3.04E-09	38.39194	6.36E-14	39.00417	7.41E-14
38.55861	2.45E+06	39.17083	2.29E+06	38.55861	2.18E+08	39.17083	2.88E+08	38.55861	1.00E+07	39.17083	1.39E+07	38.55861	2.30E-14	39.17083	3.89E-14	38.72528	4.00E-09	39.17083	2.99E-09	38.55861	6.46E-14	39.17083	7.55E-14
38.72528	2.35E+06	39.3375	2.16E+06	38.72528	2.12E+08	39.3375	2.76E+08	38.72528	1.02E+07	39.3375	1.41E+07	38.72528	2.26E-14	39.3375	3.78E-14	38.89194	3.95E-09	39.3375	2.94E-09	38.72528	6.56E-14	39.3375	7.70E-14
38.89194	2.25E+06	39.50417	2.04E+06	38.89194	2.06E+08	39.50417	2.64E+08	38.89194	1.04E+07	39.50417	1.45E+07	38.89194	2.22E-14	39.50417	3.67E-14	39.05861	3.90E-09	39.50417	2.89E-09	38.89194	6.67E-14	39.50417	7.86E-14
39.05861	2.14E+06	39.67083	1.91E+06	39.05861	1.99E+08	39.67083	2.51E+08	39.05861	1.06E+07	39.67083	1.48E+07	39.05861	2.16E-14	39.67083	3.55E-14	39.22528	3.84E-09	39.67083	2.83E-09	39.05861	6.79E-14	39.67083	8.04E-14
39.22528	2.03E+06	39.8375	1.78E+06	39.22528	1.92E+08	39.8375	2.38E+08	39.22528	1.08E+07	39.8375	1.51E+07	39.22528	2.11E-14	39.8375	3.42E-14	39.39194	3.78E-09	39.8375	2.77E-09	39.22528	6.92E-14	39.8375	8.23E-14
39.39194	1.91E+06	40.00417	1.65E+06	39.39194	1.84E+08	40.00417	2.25E+08	39.39194	1.10E+07	40.00417	1.55E+07	39.39194	2.05E-14	40.00417	3.29E-14	39.55861	3.71E-09	40.00417	2.71E-09	39.39194	7.06E-14	40.00417	8.45E-14
39.55861	1.79E+06	40.17083	1.52E+06	39.55861	1.76E+08	40.17083	2.12E+08	39.55861	1.13E+07	40.17083	1.60E+07	39.55861	1.98E-14	40.17083	3.15E-14	39.72528	3.64E-09	40.17083	2.64E-09	39.55861	7.21E-14	40.17083	8.68E-14
39.72528	1.67E+06	40.3375	1.39E+06	39.72528	1.68E+08	40.3375	1.98E+08	39.72528	1.16E+07	40.3375	1.65E+07	39.72528	1.90E-14	40.3375	3.01E-14	39.89194	3.56E-09	40.3375	2.57E-09	39.72528	7.38E-14	40.3375	8.95E-14
39.89194	1.55E+06	40.50417	1.26E+06	39.89194	1.59E+08	40.50417	1.85E+08	39.89194	1.19E+07	40.50417	1.70E+07	39.89194	1.83E-14	40.50417	2.86E-14	40.05861	3.48E-09	40.50417	2.50E-09	39.89194	7.56E-14	40.50417	9.24E-14
40.05861	1.43E+06	40.67083	1.13E+06	40.05861	1.51E+08	40.67083	1.72E+08	40.05861	1.22E+07	40.67083	1.77E+07	40.05861	1.74E-14	40.67083	2.72E-14	40.22528	3.40E-09	40.67083	2.43E-09	40.05861	7.76E-14	40.67083	9.58E-14
40.22528	1.32E+06	40.8375	1.00E+06	40.22528	1.42E+08	40.8375	1.59E+08	40.22528	1.25E+07	40.8375	1.84E+07	40.22528	1.66E-14	40.8375	2.57E-14	40.39194	3.31E-09	40.8375	2.35E-09	40.22528	7.98E-14	40.8375	9.97E-14
40.39194	1.20E+06	41.00417	884463	40.39194	1.33E+08	41.00417	1.46E+08	40.39194	1.29E+07	41.00417	1.92E+07	40.39194	1.57E-14	41.00417	2.42E-14	40.55861	3.22E-09	41.00417	2.28E-09	40.39194	8.23E-14	41.00417	1.04E-13
40.55861	1.08E+06	41.17083	769079	40.55861	1.24E+08	41.17083	1.33E+08	40.55861	1.34E+07	41.17083	2.02E+07	40.55861	1.48E-14	41.17083	2.27E-14	40.72528	3.13E-09	41.17083	2.20E-09	40.55861	8.50E-14	41.17083	1.10E-13
40.72528	967147	41.3375	659226	40.72528	1.15E+08	41.3375	1.21E+08	40.72528	1.39E+07	41.3375	2.14E+07	40.72528	1.39E-14	41.3375	2.12E-14	40.89194	3.04E-09	41.3375	2.12E-09	40.72528	8.82E-14	41.3375	1.16E-13
40.89194	857174	41.50417	555658	40.89194	1.06E+08	41.50417	1.10E+08	40.89194	1.45E+07	41.50417	2.28E+07	40.89194	1.30E-14	41.50417	1.97E-14	41.05861	2.94E-09	41.50417	2.05E-09	40.89194	9.19E-14	41.50417	1.24E-13
41.05861	751395	41.67083	459080	41.05861	9.80E+07	41.67083	9.87E+07	41.05861	1.52E+07	41.67083	2.46E+07	41.05861	1.21E-14	41.67083	1.83E-14	41.22528	2.84E-09	41.67083	1.97E-09	41.05861	9.62E-14	41.67083	1.33E-13
41.22528	650465	41.8375	370145	41.22528	8.98E+07	41.8375	8.83E+07	41.22528	1.60E+07	41.8375	2.69E+07	41.22528	1.12E-14	41.8375	1.70E-14	41.39194	2.74E-09	41.8375	1.88E-09	41.22528	1.01E-13	41.8375	1.46E-13
41.39194	554985	42.00417	289466	41.39194	8.19E+07	42.00417	7.85E+07	41.39194	1.70E+07	42.00417	3.00E+07	41.39194	1.03E-14	42.00417	1.57E-14	41.55861	2.64E-09	42.00417	1.80E-09	41.39194	1.07E-13	42.00417	1.62E-13
41.55861	465498	42.17083	217652	41.55861	7.44E+07	42.17083	6.94E+07	41.55861	1.82E+07	42.17083	3.41E+07	41.55861	9.45E-15	42.17083	1.45E-14	41.72528	2.53E-09	42.17083	1.72E-09	41.55861	1.15E-13	42.17083	1.85E-13
41.72528	382485	42.3375	155384	41.72528	6.72E+07	42.3375	6.09E+07	41.72528	1.97E+07	42.3375	4.00E+07	41.72528	8.64E-15	42.3375	1.35E-14	41.89194	2.43E-09	42.3375	1.64E-09	41.72528	1.24E-13	42.3375	2.17E-13
41.89194	306374	42.50417	103521	41.89194	6.05E+07	42.50417	5.30E+07	41.89194	2.16E+07	42.50417	4.90E+07	41.89194	7.87E-15	42.50417	1.26E-14	42.05861	2.33E-09	42.50417	1.56E-09	41.89194	1.37E-13	42.50417	2.66E-13
42.05861	237567	42.67083	63207.3	42.05861	5.42E+07	42.67083	4.56E+07	42.05861	2.42E+07	42.67083	6.33E+07	42.05861	7.15E-15	42.67083	1.19E-14	42.22528	2.22E-09	42.67083	1.47E-09	42.05861	1.53E-13	42.67083	3.44E-13
42.22528	176490	42.8375	35773.8	42.22528	4.83E+07	42.8375	3.78E+07	42.22528	2.78E+07	42.8375	8.65E+07	42.22528	6.51E-15	42.8375	1.14E-14	42.39194	2.12E-09	42.8375	1.36E-09	42.22528	1.76E-13	42.8375	4.71E-13
42.39194	123697	43.00417	21654.6	42.39194	4.29E+07	43.00417	2.79E+07	42.39194	3.30E+07	43.00417	1.20E+08	42.39194	5.95E-15	43.00417	1.10E-14	42.55861	2.01E-09	43.00417	1.22E-09	42.39194	2.09E-13	43.00417	6.54E-13
42.55861	80015.8	43.17083	17479	42.55861	3.79E+07	43.17083	2.05E+07	42.55861	4.10E+07	43.17083	1.46E+08	42.55861	5.50E-15	43.17083	1.08E-14	42.72528	1.89E-09	43.17083	1.12E-09	42.55861	2.60E-13	43.17083	8.00E-13
42.72528	46693.4	43.3375	17143.2	42.72528	3.32E+07	43.3375	1.96E+07	42.72528	5.37E+07	43.3375	1.47E+08	42.72528	5.18E-15	43.3375	1.07E-14	42.89194	1.74E-09	43.3375	1.09E-09	42.72528	3.40E-13	43.3375	8.14E-13
42.89194	25329	43.50417	17554.6	42.89194	2.77E+07	43.50417	2.00E+07	42.89194	7.31E+07	43.50417	1.46E+08	42.89194	4.97E-15	43.50417	1.06E-14	43.05861	1.53E-09	43.50417	1.09E-09	42.89194	4.65E-13	43.50417	8.09E-13
43.05861	16218.6	43.67083	18024.7	43.05861	2.01E+07	43.67083	2.05E+07	43.05861	9.52E+07	43.67083	1.44E+08	43.05861	4.76E-15	43.67083	1.06E-14	43.22528	1.41E-09	43.67083	1.09E-09	43.05861	6.07E-13	43.67083	8.05E-13
43.22528	14346.4	43.8375	18465.9	43.22528	1.60E+07	43.8375	2.09E+07	43.22528	1.04E+08	43.8375	1.43E+08	43.22528	4.62E-15	43.8375	1.05E-14	43.39194	1.39E-09	43.8375	1.10E-09	43.22528	6.64E-13	43.8375	8.00E-13
43.39194	14299.8	44.00417	18877.7	43.39194	1.57E+07	44.00417	2.13E+07	43.39194	1.03E+08	44.00417	1.41E+08	43.39194	4.58E-15	44.00417	1.05E-14	43.55861	1.39E-09	44.00417	1.11E-09	43.39194	6.61E-13	44.00417	7.96E-13
43.55861	14570.4	44.17083	19262.8	43.55861	1.61E+07	44.17083	2.16E+07	43.55861	1.02E+08	44.17083	1.40E+08	43.55861	4.58E-15	44.17083	1.04E-14	43.72528	1.39E-09	44.17083	1.12E-09	43.55861	6.58E-13	44.17083	7.91E-13
43.72528	14866.5	44.3375	19622.2	43.72528	1.65E+07	44.3375	2.19E+07	43.72528	1.01E+08	44.3375	1.39E+08	43.72528	4.58E-15	44.3375	1.04E-14	43.89194	1.40E-09	44.3375	1.12E-09	43.72528	6.55E-13	44.3375	7.87E-13
43.89194	15153.3	44.50417	19956.6	43.89194	1.68E+07	44.50417	2.22E+07	43.89194	1.00E+08	44.50417	1.37E+08	43.89194	4.58E-15	44.50417	1.03E-14	44.05861	1.41E-09	44.50417	1.13E-09	43.89194	6.51E-13	44.50417	7.82E-13
44.05861	15430.1	44.67083	20267.3	44.05861	1.71E+07	44.67083	2.25E+07	44.05861	9.95E+07	44.67083	1.36E+08	44.05861	4.57E-15	44.67083	1.03E-14	44.22528	1.41E-09	44.67083	1.13E-09	44.05861	6.48E-13	44.67083	7.77E-13
44.22528	15696.8	44.8375	20555.7	44.22528	1.73E+07	44.8375	2.27E+07	44.22528	9.86E+07	44.8375	1.35E+08	44.22528	4.56E-15	44.8375	1.02E-14	44.39194	1.42E-09	44.8375	1.14E-09	44.22528	6.45E-13	44.8375	7.73E-13
44.39194	15952.4	45.00417	20823.3	44.39194	1.76E+07	45.00417	2.30E+07	44.39194	9.78E+07	45.00417	1.33E+08	44.39194	4.55E-15	45.00417	1.01E-14	44.55861	1.43E-09	45.00417	1.15E-09	44.39194	6.42E-13	45.00417	7.68E-13
44.55861	16196	45.17083	21071.6	44.55861	1.78E+07	45.17083	2.32E+07	44.55861	9.70E+07	45.17083	1.32E+08	44.55861	4.55E-15	45.17083	1.01E-14	44.72528	1.43E-09	45.17083	1.15E-09	44.55861	6.38E-13	45.17083	7.64E-13
44.72528	16427.5	45.3375	21302.1	44.72528	1.80E+07	45.3375	2.34E+07	44.72528	9.61E+07	45.3375	1.31E+08	44.72528	4.54E-15	45.3375	1.00E-14	44.89194	1.44E-09	45.3375	1.15E-09	44.72528	6.35E-13	45.3375	7.59E-13
44.89194	16646.7	45.50417	21516	44.89194	1.82E+07	45.50417	2.35E+07	44.89194	9.53E+07	45.50417	1.30E+08	44.89194	4.53E-15	45.50417	9.96E-15	45.05861	1.44E-09	45.50417	1.16E-09	44.89194	6.32E-13	45.50417	7.55E-13
45.05861	16854.2	45.67083	21714.4	45.05861	1.84E+07	45.67083	2.37E+07	45.05861	9.46E+07	45.67083	1.28E+08	45.05861	4.51E-15	45.67083	9.90E-15	45.22528	1.44E-09	45.67083	1.16E-09	45.05861	6.29E-13	45.67083	7.50E-13
45.22528	17050.3	45.8375	21898.7	45.22528	1.86E+07	45.8375	2.39E+07	45.22528	9.38E+07	45.8375	1.27E+08	45.22528	4.50E-15	45.8375	9.84E-15	45.39194	1.45E-09	45.8375	1.16E-09	45.22528	6.26E-13	45.8375	7.46E-13
45.39194	17235.7	46.00417	22069.6	45.39194	1.88E+07	46.00417	2.40E+07	45.39194	9.30E+07	46.00417	1.26E+08	45.39194	4.49E-15	46.00417	9.78E-15	45.55861	1.45E-09	46.00417	1.17E-09	45.39194	6.23E-13	46.00417	7.42E-13
45.55861	17410.9	46.17083	22228.2	45.55861	1.89E+07	46.17083	2.42E+07	45.55861	9.23E+07	46.17083	1.25E+08	45.55861	4.48E-15	46.17083	9.71E-15	45.72528	1.45E-09	46.17083	1.17E-09	45.55861	6.19E-13	46.17083	7.37E-13
45.72528	17576.4	46.3375	22375.2	45.72528	1.91E+07	46.3375	2.43E+07	45.72528	9.16E+07	46.3375	1.24E+08	45.72528	4.47E-15	46.3375	9.65E-15	45.89194	1.46E-09	46.3375	1.17E-09	45.72528	6.16E-13	46.3375	7.33E-13
45.89194	17732.9	46.50417	22511.5	45.89194	1.92E+07	46.50417	2.44E+07	45.89194	9.09E+07	46.50417	1.23E+08	45.89194	4.45E-15	46.50417	9.59E-15	46.05861	1.46E-09	46.50417	1.18E-09	45.89194	6.13E-13	46.50417	7.29E-13
46.05861	17880.7	46.67083	22637.7	46.05861	1.94E+07	46.67083	2.45E+07	46.05861	9.02E+07	46.67083	1.22E+08	46.05861	4.44E-15	46.67083	9.52E-15	46.22528	1.46E-09	46.67083	1.18E-09	46.05861	6.10E-13	46.67083	7.26E-13
46.22528	18020.4	46.8375	22754.6	46.22528	1.95E+07	46.8375	2.46E+07	46.22528	8.95E+07	46.8375	1.21E+08	46.22528	4.42E-15	46.8375	9.46E-15	46.39194	1.46E-09	46.8375	1.18E-09	46.22528	6.07E-13	46.8375	7.22E-13
46.39194	18152.3	47.00417	22862.7	46.39194	1.96E+07	47.00417	2.47E+07	46.39194	8.89E+07	47.00417	1.20E+08	46.39194	4.41E-15	47.00417	9.40E-15	46.55861	1.47E-09	47.00417	1.18E-09	46.39194	6.04E-13	47.00417	7.18E-13
46.55861	18276.9	47.17083	22962.5	46.55861	1.97E+07	47.17083	2.48E+07	46.55861	8.82E+07	47.17083	1.20E+08	46.55861	4.40E-15	47.17083	9.33E-15	46.72528	1.47E-09	47.17083	1.19E-09	46.55861	6.02E-13	47.17083	7.14E-13
46.72528	18394.6	47.3375	23054.7	46.72528	1.98E+07	47.3375	2.49E+07	46.72528	8.76E+07	47.3375	1.19E+08	46.72528	4.38E-15	47.3375	9.27E-15	46.79194	1.47E-09	47.3375	1.19E-09	46.72528	5.99E-13	47.3375	7.11E-13
46.89194	18505.6	47.50417	23139.6	46.89194	1.99E+07	47.50417	2.50E+07	46.89194	8.70E+07	47.50417	1.18E+08	46.89194	4.37E-15	47.50417	9.20E-15	46.95861	1.61E-09	47.50417	1.19E-09	46.89194	5.96E-13	47.50417	7.07E-13
46.90861	18516.4	47.67083	23217.8	46.90861	1.99E+07	47.67083	2.51E+07	46.90861	8.70E+07	47.67083	1.17E+08	46.90861	4.37E-15	47.67083	9.14E-15	47.04194	3.51E-10	47.67083	1.19E-09	46.90861	5.96E-13	47.67083	7.04E-13
47.07528	14604.3	47.8375	23289.6	47.07528	1.02E+07	47.8375	2.51E+07	47.07528	3.60E+07	47.8375	1.16E+08	47.07528	8.37E-15	47.8375	9.08E-15	47.20861	3.61E-10	47.8375	1.19E-09	47.07528	5.05E-13	47.8375	7.01E-13
47.15861	6987.95	48.00417	23355.4	47.15861	1.78E+06	48.00417	2.52E+07	47.15861	2.20E+07	48.00417	1.16E+08	47.15861	7.06E-15	48.00417	9.01E-15	47.37528	3.86E-10	48.00417	1.20E-09	47.15861	4.95E-13	48.00417	6.98E-13
47.32528	6284.19	48.17083	23415.6	47.32528	1.98E+06	48.17083	2.53E+07	47.32528	2.26E+07	48.17083	1.15E+08	47.32528	3.59E-15	48.17083	8.95E-15	47.54194	4.09E-10	48.17083	1.20E-09	47.32528	5.10E-13	48.17083	6.94E-13
47.49194	6241.09	48.3375	23470.5	47.49194	1.96E+06	48.3375	2.53E+07	47.49194	2.25E+07	48.3375	1.14E+08	47.49194	3.23E-15	48.3375	8.89E-15	47.70861	4.30E-10	48.3375	1.20E-09	47.49194	5.09E-13	48.3375	6.91E-13
47.65861	6235.49	48.50417	23520.4	47.65861	1.95E+06	48.50417	2.54E+07	47.65861	2.25E+07	48.50417	1.13E+08	47.65861	3.09E-15	48.50417	8.83E-15	47.87528	4.49E-10	48.50417	1.20E-09	47.65861	5.07E-13	48.50417	6.88E-13
47.82528	6242.7	48.67083	23565.6	47.82528	1.94E+06	48.67083	2.55E+07	47.82528	2.24E+07	48.67083	1.13E+08	47.82528	3.04E-15	48.67083	8.76E-15	48.04194	4.66E-10	48.67083	1.20E-09	47.82528	5.05E-13	48.67083	6.85E-13
47.99194	6252.06	48.8375	23606.4	47.99194	1.95E+06	48.8375	2.55E+07	47.99194	2.23E+07	48.8375	1.12E+08	47.99194	3.03E-15	48.8375	8.70E-15	48.20861	4.81E-10	48.8375	1.20E-09	47.99194	5.03E-13	48.8375	6.82E-13
48.15861	6259.55	49.00417	23643	48.15861	1.95E+06	49.00417	2.56E+07	48.15861	2.22E+07	49.00417	1.11E+08	48.15861	3.02E-15	49.00417	8.64E-15	48.37528	4.94E-10	49.00417	1.20E-09	48.15861	5.01E-13	49.00417	6.80E-13
48.32528	6264.66	49.17083	23675.6	48.32528	1.95E+06	49.17083	2.56E+07	48.32528	2.21E+07	49.17083	1.11E+08	48.32528	3.01E-15	49.17083	8.58E-15	48.54194	5.06E-10	49.17083	1.21E-09	48.32528	4.99E-13	49.17083	6.77E-13
48.49194	6267.85	49.3375	23704.6	48.49194	1.96E+06	49.3375	2.56E+07	48.49194	2.20E+07	49.3375	1.10E+08	48.49194	3.01E-15	49.3375	8.52E-15	48.70861	5.16E-10	49.3375	1.21E-09	48.49194	4.97E-13	49.3375	6.74E-13
48.65861	6269.69	49.50417	23730	48.65861	1.96E+06	49.50417	2.57E+07	48.65861	2.20E+07	49.50417	1.10E+08	48.65861	3.00E-15	49.50417	8.45E-15	48.87528	5.24E-10	49.50417	1.21E-09	48.65861	4.96E-13	49.50417	6.71E-13
48.82528	6270.63	49.67083	23752	48.82528	1.96E+06	49.67083	2.57E+07	48.82528	2.19E+07	49.67083	1.09E+08	48.82528	3.00E-15	49.67083	8.39E-15	48.95861	5.28E-10	49.67083	1.21E-09	48.82528	4.94E-13	49.67083	6.69E-13
48.84194	6270.68	49.8375	23770.9	48.84194	1.96E+06	49.8375	2.58E+07	48.84194	2.19E+07	49.8375	1.08E+08	48.84194	3.00E-15	49.8375	8.33E-15	49.12528	1.30E-09	49.8375	1.21E-09	48.84194	4.94E-13	49.8375	6.66E-13
49.00861	15869.5	50.00417	23786.8	49.00861	1.20E+07	50.00417	2.58E+07	49.00861	4.71E+07	50.00417	1.08E+08	49.00861	3.18E-16	50.00417	8.27E-15	49.20861	1.24E-09	50.00417	1.21E-09	49.00861	5.18E-13	50.00417	6.63E-13
49.09194	17813.7	50.17083	23799.9	49.09194	1.73E+07	50.17083	2.58E+07	49.09194	7.06E+07	50.17083	1.07E+08	49.09194	2.74E-16	50.17083	8.21E-15	49.37528	1.36E-09	50.17083	1.21E-09	49.09194	4.94E-13	50.17083	6.61E-13
49.25861	17985	50.3375	23810.2	49.25861	1.82E+07	50.3375	2.59E+07	49.25861	7.64E+07	50.3375	1.07E+08	49.25861	2.93E-16	50.3375	8.16E-15	49.54194	1.41E-09	50.3375	1.21E-09	49.25861	5.46E-13	50.3375	6.58E-13
49.42528	18176.7	50.50417	23818	49.42528	1.90E+07	50.50417	2.59E+07	49.42528	7.65E+07	50.50417	1.06E+08	49.42528	3.16E-16	50.50417	8.10E-15	49.70861	1.47E-09	50.50417	1.21E-09	49.42528	5.49E-13	50.50417	6.56E-13
49.59194	18357.1	50.67083	23823.4	49.59194	1.95E+07	50.67083	2.59E+07	49.59194	7.64E+07	50.67083	1.06E+08	49.59194	3.42E-16	50.67083	8.04E-15	49.87528	1.50E-09	50.67083	1.21E-09	49.59194	5.50E-13	50.67083	6.54E-13
49.75861	18521	50.8375	23826.5	49.75861	1.98E+07	50.8375	2.59E+07	49.75861	7.64E+07	50.8375	1.05E+08	49.75861	3.68E-16	50.8375	7.98E-15	50.04194	1.52E-09	50.8375	1.21E-09	49.75861	5.50E-13	50.8375	6.51E-13
49.92528	18671.5	51.00417	23827.4	49.92528	2.01E+07	51.00417	2.60E+07	49.92528	7.62E+07	51.00417	1.05E+08	49.92528	3.94E-16	51.00417	7.92E-15	50.20861	1.55E-09	51.00417	1.22E-09	49.92528	5.50E-13	51.00417	6.49E-13
50.09194	18809.5	51.17083	23826.1	50.09194	2.04E+07	51.17083	2.60E+07	50.09194	7.60E+07	51.17083	1.04E+08	50.09194	4.20E-16	51.17083	7.87E-15	50.37528	1.54E-09	51.17083	1.22E-09	50.09194	5.48E-13	51.17083	6.46E-13
50.25861	18935.3	51.3375	23822.9	50.25861	2.06E+07	51.3375	2.60E+07	50.25861	7.58E+07	51.3375	1.04E+08	50.25861	4.46E-16	51.3375	7.81E-15	50.54194	1.55E-09	51.3375	1.22E-09	50.25861	5.47E-13	51.3375	6.44E-13
50.42528	19049.3	51.50417	23817.8	50.42528	2.07E+07	51.50417	2.60E+07	50.42528	7.55E+07	51.50417	1.03E+08	50.42528	4.72E-16	51.50417	7.75E-15	50.70861	1.56E-09	51.50417	1.22E-09	50.42528	5.45E-13	51.50417	6.42E-13
50.59194	19152.3	51.67083	23810.9	50.59194	2.08E+07	51.67083	2.60E+07	50.59194	7.52E+07	51.67083	1.03E+08	50.59194	4.98E-16	51.67083	7.70E-15	50.87528	1.57E-09	51.67083	1.22E-09	50.59194	5.43E-13	51.67083	6.40E-13
50.75861	19245.2	51.8375	23802.3	50.75861	2.10E+07	51.8375	2.61E+07	50.75861	7.49E+07	51.8375	1.02E+08	50.75861	5.24E-16	51.8375	7.64E-15	51.04194	1.57E-09	51.8375	1.22E-09	50.75861	5.41E-13	51.8375	6.37E-13
50.92528	19329.1	52.00417	23792	50.92528	2.11E+07	52.00417	2.61E+07	50.92528	7.45E+07	52.00417	1.02E+08	50.92528	5.49E-16	52.00417	7.59E-15	51.20861	1.57E-09	52.00417	1.22E-09	50.92528	5.39E-13	52.00417	6.35E-13
51.09194	19404.7	52.17083	23780.1	51.09194	2.11E+07	52.17083	2.61E+07	51.09194	7.42E+07	52.17083	1.02E+08	51.09194	5.74E-16	52.17083	7.53E-15	51.37528	1.57E-09	52.17083	1.22E-09	51.09194	5.37E-13	52.17083	6.33E-13
51.25861	19472.9	52.3375	23766.8	51.25861	2.12E+07	52.3375	2.61E+07	51.25861	7.39E+07	52.3375	1.01E+08	51.25861	5.99E-16	52.3375	7.48E-15	51.54194	1.57E-09	52.3375	1.22E-09	51.25861	5.35E-13	52.3375	6.31E-13
51.42528	19534.4	52.50417	23752	51.42528	2.13E+07	52.50417	2.61E+07	51.42528	7.35E+07	52.50417	1.01E+08	51.42528	6.24E-16	52.50417	7.43E-15	51.70861	1.57E-09	52.50417	1.22E-09	51.42528	5.33E-13	52.50417	6.28E-13
51.59194	19589.7	52.67083	23735.8	51.59194	2.13E+07	52.67083	2.61E+07	51.59194	7.32E+07	52.67083	1.00E+08	51.59194	6.48E-16	52.67083	7.37E-15	51.87528	1.57E-09	52.67083	1.22E-09	51.59194	5.31E-13	52.67083	6.26E-13
51.75861	19639.5	52.8375	23718.4	51.75861	2.14E+07	52.8375	2.61E+07	51.75861	7.29E+07	52.8375	9.98E+07	51.75861	6.72E-16	52.8375	7.32E-15	52.04194	1.57E-09	52.8375	1.22E-09	51.75861	5.29E-13	52.8375	6.24E-13
51.92528	19684.1	53.00417	23702.8	51.92528	2.14E+07	53.00417	2.61E+07	51.92528	7.25E+07	53.00417	9.63E+07	51.92528	6.95E-16	53.00417	7.23E-15	52.20861	1.57E-09	53.00417	1.22E-09	51.92528	5.26E-13	53.00417	6.03E-13
52.09194	19723.9	53.17083	26583	52.09194	2.14E+07	53.17083	3.05E+07	52.09194	7.22E+07	53.17083	7.05E+07	52.09194	7.18E-16	53.17083	7.18E-15	52.37528	1.57E-09	53.17083	1.28E-09	52.09194	5.24E-13	53.17083	4.42E-13
52.25861	19759.3	53.3375	42770.7	52.25861	2.15E+07	53.3375	4.70E+07	52.25861	7.19E+07	53.3375	4.71E+07	52.25861	7.41E-16	53.3375	8.22E-15	52.54194	1.57E-09	53.3375	1.57E-09	52.25861	5.22E-13	53.3375	2.95E-13
52.42528	19790.5	53.50417	68018.3	52.42528	2.15E+07	53.50417	5.61E+07	52.42528	7.16E+07	53.50417	3.38E+07	52.42528	7.64E-16	53.50417	8.96E-15	52.70861	1.57E-09	53.50417	1.78E-09	52.42528	5.20E-13	53.50417	2.11E-13
52.59194	19817.9	53.67083	100525	52.59194	2.15E+07	53.67083	6.20E+07	52.59194	7.13E+07	53.67083	2.63E+07	52.59194	7.86E-16	53.67083	9.40E-15	52.87528	1.57E-09	53.67083	1.86E-09	52.59194	5.18E-13	53.67083	1.63E-13
52.75861	19841.7	53.8375	145518	52.75861	2.16E+07	53.8375	7.07E+07	52.75861	7.09E+07	53.8375	2.18E+07	52.75861	8.08E-16	53.8375	9.92E-15	53.04194	1.57E-09	53.8375	1.91E-09	52.75861	5.16E-13	53.8375	1.34E-13
52.92528	19862	54.00417	201230	52.92528	2.16E+07	54.00417	8.00E+07	52.92528	7.06E+07	54.00417	1.88E+07	52.92528	8.29E-16	54.00417	1.06E-14	53.20861	1.80E-09	54.00417	1.96E-09	52.92528	5.14E-13	54.00417	1.16E-13
53.09194	20504.3	54.17083	265628	53.09194	2.27E+07	54.17083	8.93E+07	53.09194	6.20E+07	54.17083	1.68E+07	53.09194	8.53E-16	54.17083	1.13E-14	53.37528	2.29E-09	54.17083	2.03E-09	53.09194	4.51E-13	54.17083	1.03E-13
53.25861	30469.6	54.3375	337482	53.25861	3.58E+07	54.3375	9.82E+07	53.25861	4.44E+07	54.3375	1.53E+07	53.25861	1.10E-15	54.3375	1.22E-14	53.54194	2.50E-09	54.3375	2.11E-09	53.25861	3.23E-13	54.3375	9.40E-14
53.42528	53062.8	54.50417	415990	53.42528	4.58E+07	54.50417	1.07E+08	53.42528	3.12E+07	54.50417	1.41E+07	53.42528	1.50E-15	54.50417	1.31E-14	53.70861	2.52E-09	54.50417	2.18E-09	53.42528	2.25E-13	54.50417	8.70E-14
53.59194	78691.3	54.67083	500568	53.59194	4.67E+07	54.67083	1.15E+08	53.59194	2.34E+07	54.67083	1.32E+07	53.59194	1.83E-15	54.67083	1.40E-14	53.87528	2.52E-09	54.67083	2.24E-09	53.59194	1.67E-13	54.67083	8.15E-14
53.75861	115193	54.8375	590731	53.75861	5.12E+07	54.8375	1.24E+08	53.75861	1.87E+07	54.8375	1.25E+07	53.75861	2.17E-15	54.8375	1.50E-14	54.04194	2.56E-09	54.8375	2.31E-09	53.75861	1.32E-13	54.8375	7.72E-14
53.92528	161813	55.00417	686022	53.92528	5.71E+07	55.00417	1.32E+08	53.92528	1.58E+07	55.00417	1.20E+07	53.92528	2.56E-15	55.00417	1.60E-14	54.20861	2.64E-09	55.00417	2.37E-09	53.92528	1.11E-13	55.00417	7.37E-14
54.09194	216299	55.17083	785976	54.09194	6.33E+07	55.17083	1.41E+08	54.09194	1.38E+07	55.17083	1.15E+07	54.09194	3.05E-15	55.17083	1.70E-14	54.37528	2.73E-09	55.17083	2.43E-09	54.09194	9.66E-14	55.17083	7.08E-14
54.25861	277403	55.3375	890104	54.25861	6.94E+07	55.3375	1.49E+08	54.25861	1.23E+07	55.3375	1.11E+07	54.25861	3.63E-15	55.3375	1.80E-14	54.54194	2.81E-09	55.3375	2.50E-09	54.25861	8.66E-14	55.3375	6.85E-14
54.42528	344320	55.50417	997892	54.42528	7.53E+07	55.50417	1.57E+08	54.42528	1.13E+07	55.50417	1.08E+07	54.42528	4.28E-15	55.50417	1.91E-14	54.70861	2.89E-09	55.50417	2.56E-09	54.42528	7.92E-14	55.50417	6.65E-14
54.59194	416525	55.67083	1.11E+06	54.59194	8.13E+07	55.67083	1.65E+08	54.59194	1.05E+07	55.67083	1.05E+07	54.59194	4.99E-15	55.67083	2.01E-14	54.87528	2.97E-09	55.67083	2.62E-09	54.59194	7.36E-14	55.67083	6.49E-14
54.75861	493663	55.8375	1.22E+06	54.75861	8.72E+07	55.8375	1.74E+08	54.75861	9.84E+06	55.8375	1.03E+07	54.75861	5.76E-15	55.8375	2.12E-14	55.04194	3.05E-09	55.8375	2.68E-09	54.75861	6.92E-14	55.8375	6.35E-14
54.92528	575440	56.00417	1.34E+06	54.92528	9.31E+07	56.00417	1.82E+08	54.92528	9.33E+06	56.00417	1.01E+07	54.92528	6.56E-15	56.00417	2.23E-14	55.20861	3.12E-09	56.00417	2.74E-09	54.92528	6.56E-14	56.00417	6.23E-14
55.09194	661564	56.17083	1.45E+06	55.09194	9.90E+07	56.17083	1.90E+08	55.09194	8.92E+06	56.17083	9.96E+06	55.09194	7.41E-15	56.17083	2.34E-14	55.37528	3.20E-09	56.17083	2.80E-09	55.09194	6.28E-14	56.17083	6.14E-14
55.25861	751716	56.3375	1.57E+06	55.25861	1.05E+08	56.3375	1.99E+08	55.25861	8.59E+06	56.3375	9.83E+06	55.25861	8.30E-15	56.3375	2.45E-14	55.54194	3.27E-09	56.3375	2.85E-09	55.25861	6.04E-14	56.3375	6.06E-14
55.42528	845541	56.50417	1.69E+06	55.42528	1.11E+08	56.50417	2.07E+08	55.42528	8.31E+06	56.50417	9.72E+06	55.42528	9.22E-15	56.50417	2.55E-14	55.70861	3.34E-09	56.50417	2.91E-09	55.42528	5.85E-14	56.50417	6.00E-14
55.59194	942650	56.67083	1.81E+06	55.59194	1.17E+08	56.67083	2.15E+08	55.59194	8.08E+06	56.67083	9.64E+06	55.59194	1.02E-14	56.67083	2.66E-14	55.87528	3.43E-09	56.67083	2.96E-09	55.59194	5.69E-14	56.67083	5.95E-14
55.75861	1.04E+06	56.8375	1.92E+06	55.75861	1.23E+08	56.8375	2.24E+08	55.75861	7.89E+06	56.8375	9.58E+06	55.75861	1.12E-14	56.8375	2.77E-14	56.04194	3.50E-09	56.8375	3.02E-09	55.75861	5.56E-14	56.8375	5.91E-14
55.92528	1.15E+06	57.00417	2.04E+06	55.92528	1.30E+08	57.00417	2.32E+08	55.92528	7.73E+06	57.00417	9.53E+06	55.92528	1.22E-14	57.00417	2.88E-14	56.20861	3.57E-09	57.00417	3.07E-09	55.92528	5.46E-14	57.00417	5.88E-14
56.09194	1.25E+06	57.17083	2.15E+06	56.09194	1.36E+08	57.17083	2.40E+08	56.09194	7.60E+06	57.17083	9.50E+06	56.09194	1.32E-14	57.17083	2.98E-14	56.37528	3.64E-09	57.17083	3.13E-09	56.09194	5.37E-14	57.17083	5.86E-14
56.25861	1.36E+06	57.3375	2.26E+06	56.25861	1.42E+08	57.3375	2.48E+08	56.25861	7.50E+06	57.3375	9.48E+06	56.25861	1.42E-14	57.3375	3.08E-14	56.54194	3.71E-09	57.3375	3.18E-09	56.25861	5.30E-14	57.3375	5.85E-14
56.42528	1.46E+06	57.50417	2.37E+06	56.42528	1.49E+08	57.50417	2.57E+08	56.42528	7.41E+06	57.50417	9.47E+06	56.42528	1.53E-14	57.50417	3.19E-14	56.70861	3.77E-09	57.50417	3.23E-09	56.42528	5.24E-14	57.50417	5.85E-14
56.59194	1.57E+06	57.67083	2.48E+06	56.59194	1.55E+08	57.67083	2.65E+08	56.59194	7.35E+06	57.67083	9.48E+06	56.59194	1.63E-14	57.67083	3.29E-14	56.87528	3.84E-09	57.67083	3.28E-09	56.59194	5.20E-14	57.67083	5.85E-14
56.75861	1.68E+06	57.8375	2.58E+06	56.75861	1.62E+08	57.8375	2.73E+08	56.75861	7.30E+06	57.8375	9.50E+06	56.75861	1.74E-14	57.8375	3.39E-14	57.04194	3.91E-09	57.8375	3.32E-09	56.75861	5.17E-14	57.8375	5.86E-14
56.92528	1.78E+06	58.00417	2.67E+06	56.92528	1.69E+08	58.00417	2.81E+08	56.92528	7.26E+06	58.00417	9.52E+06	56.92528	1.85E-14	58.00417	3.48E-14	57.20861	3.97E-09	58.00417	3.37E-09	56.92528	5.15E-14	58.00417	5.88E-14
57.09194	1.89E+06	58.17083	2.76E+06	57.09194	1.75E+08	58.17083	2.88E+08	57.09194	7.24E+06	58.17083	9.56E+06	57.09194	1.96E-14	58.17083	3.58E-14	57.37528	4.03E-09	58.17083	3.42E-09	57.09194	5.14E-14	58.17083	5.90E-14
57.25861	1.99E+06	58.3375	2.85E+06	57.25861	1.82E+08	58.3375	2.96E+08	57.25861	7.23E+06	58.3375	9.60E+06	57.25861	2.06E-14	58.3375	3.67E-14	57.54194	4.10E-09	58.3375	3.46E-09	57.25861	5.13E-14	58.3375	5.93E-14
57.42528	2.09E+06	58.50417	2.93E+06	57.42528	1.88E+08	58.50417	3.03E+08	57.42528	7.24E+06	58.50417	9.66E+06	57.42528	2.17E-14	58.50417	3.76E-14	57.70861	4.16E-09	58.50417	3.50E-09	57.42528	5.14E-14	58.50417	5.96E-14
57.59194	2.19E+06	58.67083	3.00E+06	57.59194	1.95E+08	58.67083	3.10E+08	57.59194	7.25E+06	58.67083	9.72E+06	57.59194	2.28E-14	58.67083	3.84E-14	57.87528	4.21E-09	58.67083	3.54E-09	57.59194	5.15E-14	58.67083	6.00E-14
57.75861	2.29E+06	58.8375	3.07E+06	57.75861	2.02E+08	58.8375	3.17E+08	57.75861	7.27E+06	58.8375	9.78E+06	57.75861	2.38E-14	58.8375	3.93E-14	58.04194	4.27E-09	58.8375	3.57E-09	57.75861	5.17E-14	58.8375	6.04E-14
57.92528	2.38E+06	59.00417	3.13E+06	57.92528	2.08E+08	59.00417	3.23E+08	57.92528	7.31E+06	59.00417	9.86E+06	57.92528	2.48E-14	59.00417	4.01E-14	58.20861	4.32E-09	59.00417	3.61E-09	57.92528	5.19E-14	59.00417	6.09E-14
58.09194	2.47E+06	59.17083	3.18E+06	58.09194	2.15E+08	59.17083	3.29E+08	58.09194	7.35E+06	59.17083	9.93E+06	58.09194	2.59E-14	59.17083	4.08E-14	58.37528	4.38E-09	59.17083	3.64E-09	58.09194	5.22E-14	59.17083	6.13E-14
58.25861	2.56E+06	59.3375	3.22E+06	58.25861	2.21E+08	59.3375	3.35E+08	58.25861	7.39E+06	59.3375	1.00E+07	58.25861	2.69E-14	59.3375	4.15E-14	58.54194	4.43E-09	59.3375	3.67E-09	58.25861	5.26E-14	59.3375	6.18E-14
58.42528	2.63E+06	59.50417	3.26E+06	58.42528	2.28E+08	59.50417	3.40E+08	58.42528	7.45E+06	59.50417	1.01E+07	58.42528	2.78E-14	59.50417	4.22E-14	58.70861	4.47E-09	59.50417	3.69E-09	58.42528	5.30E-14	59.50417	6.24E-14
58.59194	2.71E+06	59.67083	3.29E+06	58.59194	2.34E+08	59.67083	3.44E+08	58.59194	7.51E+06	59.67083	1.02E+07	58.59194	2.88E-14	59.67083	4.28E-14	58.87528	4.52E-09	59.67083	3.71E-09	58.59194	5.34E-14	59.67083	6.30E-14
58.75861	2.78E+06	59.8375	3.31E+06	58.75861	2.40E+08	59.8375	3.48E+08	58.75861	7.58E+06	59.8375	1.03E+07	58.75861	2.97E-14	59.8375	4.34E-14	59.04194	4.56E-09	59.8375	3.73E-09	58.75861	5.39E-14	59.8375	6.36E-14
58.92528	2.84E+06	60.00417	3.33E+06	58.92528	2.45E+08	60.00417	3.52E+08	58.92528	7.65E+06	60.00417	1.04E+07	58.92528	3.06E-14	60.00417	4.39E-14	59.10861	4.57E-09	60.00417	3.75E-09	58.92528	5.44E-14	60.00417	6.42E-14
59.09194	2.89E+06	60.17083	3.33E+06	59.09194	2.51E+08	60.17083	3.54E+08	59.09194	7.73E+06	60.17083	1.05E+07	59.09194	3.15E-14	60.17083	4.44E-14	59.27528	5.56E-09	60.17083	3.76E-09	59.09194	5.50E-14	60.17083	6.49E-14
59.10861	2.90E+06	60.3375	3.33E+06	59.10861	2.51E+08	60.3375	3.57E+08	59.10861	7.74E+06	60.3375	1.06E+07	59.10861	3.15E-14	60.3375	4.48E-14	59.35861	6.61E-10	60.3375	3.77E-09	59.10861	5.51E-14	60.3375	6.55E-14
59.27528	2.04E+06	60.50417	3.32E+06	59.27528	1.43E+08	60.50417	3.58E+08	59.27528	5.43E+06	60.50417	1.07E+07	59.27528	6.59E-14	60.50417	4.51E-14	59.52528	8.85E-10	60.50417	3.78E-09	59.27528	7.67E-14	60.50417	6.62E-14
59.35861	279034	60.67083	3.30E+06	59.35861	4.64E+06	60.67083	3.58E+08	59.35861	4.36E+06	60.67083	1.09E+07	59.35861	9.79E-14	60.67083	4.54E-14	59.69194	1.01E-09	60.67083	3.78E-09	59.35861	9.57E-14	60.67083	6.70E-14
59.52528	281497	60.8375	3.28E+06	59.52528	5.76E+06	60.8375	3.58E+08	59.52528	4.42E+06	60.8375	1.10E+07	59.52528	8.74E-14	60.8375	4.56E-14	59.85861	1.14E-09	60.8375	3.78E-09	59.52528	9.86E-14	60.8375	6.77E-14
59.69194	282937	61.00417	3.24E+06	59.69194	6.04E+06	61.00417	3.57E+08	59.69194	4.42E+06	61.00417	1.11E+07	59.69194	8.87E-14	61.00417	4.57E-14	60.02528	1.29E-09	61.00417	3.78E-09	59.69194	9.89E-14	61.00417	6.85E-14
59.85861	284464	61.17083	3.20E+06	59.85861	6.29E+06	61.17083	3.56E+08	59.85861	4.42E+06	61.17083	1.13E+07	59.85861	9.02E-14	61.17083	4.58E-14	60.19194	1.45E-09	61.17083	3.77E-09	59.85861	9.90E-14	61.17083	6.93E-14
60.02528	285654	61.3375	3.15E+06	60.02528	6.50E+06	61.3375	3.53E+08	60.02528	4.42E+06	61.3375	1.14E+07	60.02528	9.15E-14	61.3375	4.57E-14	60.35861	1.63E-09	61.3375	3.76E-09	60.02528	9.91E-14	61.3375	7.02E-14
60.19194	286251	61.50417	3.10E+06	60.19194	6.69E+06	61.50417	3.50E+08	60.19194	4.42E+06	61.50417	1.16E+07	60.19194	9.26E-14	61.50417	4.56E-14	60.52528	1.82E-09	61.50417	3.74E-09	60.19194	9.92E-14	61.50417	7.11E-14
60.35861	286110	61.67083	3.03E+06	60.35861	6.86E+06	61.67083	3.46E+08	60.35861	4.41E+06	61.67083	1.17E+07	60.35861	9.34E-14	61.67083	4.54E-14	60.64194	1.94E-09	61.67083	3.73E-09	60.35861	9.92E-14	61.67083	7.20E-14
60.52528	285157	61.8375	2.96E+06	60.52528	6.99E+06	61.8375	3.41E+08	60.52528	4.41E+06	61.8375	1.19E+07	60.52528	9.40E-14	61.8375	4.51E-14	60.80861	3.88E-09	61.8375	3.70E-09	60.52528	9.93E-14	61.8375	7.29E-14
60.64194	283986	62.00417	2.89E+06	60.64194	7.08E+06	62.00417	3.35E+08	60.64194	4.41E+06	62.00417	1.21E+07	60.64194	9.42E-14	62.00417	4.48E-14	60.89194	3.92E-09	62.00417	3.68E-09	60.64194	9.94E-14	62.00417	7.39E-14
60.80861	2.26E+06	62.17083	2.80E+06	60.80861	1.49E+08	62.17083	3.29E+08	60.80861	6.25E+06	62.17083	1.22E+07	60.80861	2.27E-14	62.17083	4.43E-14	61.05861	4.22E-09	62.17083	3.65E-09	60.80861	5.34E-14	62.17083	7.50E-14
60.89194	2.79E+06	62.3375	2.72E+06	60.89194	2.09E+08	62.3375	3.22E+08	60.89194	7.54E+06	62.3375	1.24E+07	60.89194	2.21E-14	62.3375	4.37E-14	61.22528	4.40E-09	62.3375	3.62E-09	60.89194	5.08E-14	62.3375	7.61E-14
61.05861	2.76E+06	62.50417	2.62E+06	61.05861	2.09E+08	62.50417	3.14E+08	61.05861	7.72E+06	62.50417	1.26E+07	61.05861	2.28E-14	62.50417	4.31E-14	61.39194	4.50E-09	62.50417	3.58E-09	61.05861	5.30E-14	62.50417	7.72E-14
61.22528	2.76E+06	62.67083	2.52E+06	61.22528	2.12E+08	62.67083	3.05E+08	61.22528	7.86E+06	62.67083	1.29E+07	61.22528	2.29E-14	62.67083	4.24E-14	61.55861	4.56E-09	62.67083	3.54E-09	61.22528	5.42E-14	62.67083	7.84E-14
61.39194	2.74E+06	62.8375	2.42E+06	61.39194	2.13E+08	62.8375	2.96E+08	61.39194	8.00E+06	62.8375	1.31E+07	61.39194	2.29E-14	62.8375	4.15E-14	61.72528	4.59E-09	62.8375	3.49E-09	61.39194	5.52E-14	62.8375	7.98E-14
61.55861	2.70E+06	63.00417	2.31E+06	61.55861	2.13E+08	63.00417	2.86E+08	61.55861	8.15E+06	63.00417	1.33E+07	61.55861	2.29E-14	63.00417	4.06E-14	61.89194	4.60E-09	63.00417	3.45E-09	61.55861	5.62E-14	63.00417	8.11E-14
61.72528	2.66E+06	63.17083	2.20E+06	61.72528	2.13E+08	63.17083	2.76E+08	61.72528	8.30E+06	63.17083	1.36E+07	61.72528	2.28E-14	63.17083	3.96E-14	62.05861	4.60E-09	63.17083	3.40E-09	61.72528	5.71E-14	63.17083	8.26E-14
61.89194	2.60E+06	63.3375	2.08E+06	61.89194	2.11E+08	63.3375	2.65E+08	61.89194	8.45E+06	63.3375	1.39E+07	61.89194	2.27E-14	63.3375	3.86E-14	62.22528	4.58E-09	63.3375	3.34E-09	61.89194	5.81E-14	63.3375	8.42E-14
62.05861	2.54E+06	63.50417	1.96E+06	62.05861	2.09E+08	63.50417	2.54E+08	62.05861	8.61E+06	63.50417	1.42E+07	62.05861	2.25E-14	63.50417	3.74E-14	62.39194	4.55E-09	63.50417	3.29E-09	62.05861	5.91E-14	63.50417	8.60E-14
62.22528	2.47E+06	63.67083	1.84E+06	62.22528	2.06E+08	63.67083	2.42E+08	62.22528	8.77E+06	63.67083	1.45E+07	62.22528	2.23E-14	63.67083	3.62E-14	62.55861	4.51E-09	63.67083	3.22E-09	62.22528	6.01E-14	63.67083	8.78E-14
62.39194	2.39E+06	63.8375	1.72E+06	62.39194	2.03E+08	63.8375	2.31E+08	62.39194	8.94E+06	63.8375	1.49E+07	62.39194	2.21E-14	63.8375	3.49E-14	62.72528	4.47E-09	63.8375	3.16E-09	62.39194	6.12E-14	63.8375	8.99E-14
62.55861	2.31E+06	64.00417	1.60E+06	62.55861	1.99E+08	64.00417	2.18E+08	62.55861	9.11E+06	64.00417	1.52E+07	62.55861	2.18E-14	64.00417	3.36E-14	62.89194	4.42E-09	64.00417	3.09E-09	62.55861	6.23E-14	64.00417	9.22E-14
62.72528	2.22E+06	64.17083	1.47E+06	62.72528	1.94E+08	64.17083	2.06E+08	62.72528	9.29E+06	64.17083	1.57E+07	62.72528	2.14E-14	64.17083	3.22E-14	63.05861	4.36E-09	64.17083	3.02E-09	62.72528	6.35E-14	64.17083	9.47E-14
62.89194	2.12E+06	64.3375	1.35E+06	62.89194	1.89E+08	64.3375	1.94E+08	62.89194	9.48E+06	64.3375	1.62E+07	62.89194	2.10E-14	64.3375	3.08E-14	63.22528	4.30E-09	64.3375	2.95E-09	62.89194	6.47E-14	64.3375	9.75E-14
63.05861	2.02E+06	64.50417	1.23E+06	63.05861	1.83E+08	64.50417	1.81E+08	63.05861	9.68E+06	64.50417	1.67E+07	63.05861	2.06E-14	64.50417	2.93E-14	63.39194	4.24E-09	64.50417	2.88E-09	63.05861	6.60E-14	64.50417	1.01E-13
63.22528	1.92E+06	64.67083	1.10E+06	63.22528	1.77E+08	64.67083	1.69E+08	63.22528	9.89E+06	64.67083	1.73E+07	63.22528	2.00E-14	64.67083	2.78E-14	63.55861	4.16E-09	64.67083	2.80E-09	63.22528	6.73E-14	64.67083	1.04E-13
63.39194	1.82E+06	64.8375	986839	63.39194	1.71E+08	64.8375	1.57E+08	63.39194	1.01E+07	64.8375	1.80E+07	63.39194	1.94E-14	64.8375	2.63E-14	63.72528	4.09E-09	64.8375	2.72E-09	63.39194	6.88E-14	64.8375	1.08E-13
63.55861	1.71E+06	65.00417	872059	63.55861	1.64E+08	65.00417	1.45E+08	63.55861	1.04E+07	65.00417	1.88E+07	63.55861	1.88E-14	65.00417	2.48E-14	63.89194	4.01E-09	65.00417	2.63E-09	63.55861	7.03E-14	65.00417	1.13E-13
63.72528	1.60E+06	65.17083	761263	63.72528	1.57E+08	65.17083	1.33E+08	63.72528	1.06E+07	65.17083	1.98E+07	63.72528	1.81E-14	65.17083	2.33E-14	64.05861	3.91E-09	65.17083	2.54E-09	63.72528	7.20E-14	65.17083	1.19E-13
63.89194	1.49E+06	65.3375	655155	63.89194	1.49E+08	65.3375	1.22E+08	63.89194	1.09E+07	65.3375	2.09E+07	63.89194	1.74E-14	65.3375	2.18E-14	64.22528	3.82E-09	65.3375	2.45E-09	63.89194	7.38E-14	65.3375	1.26E-13
64.05861	1.38E+06	65.50417	554420	64.05861	1.42E+08	65.50417	1.11E+08	64.05861	1.12E+07	65.50417	2.23E+07	64.05861	1.66E-14	65.50417	2.03E-14	64.39194	3.73E-09	65.50417	2.36E-09	64.05861	7.58E-14	65.50417	1.34E-13
64.22528	1.27E+06	65.67083	459721	64.22528	1.34E+08	65.67083	1.00E+08	64.22528	1.15E+07	65.67083	2.41E+07	64.22528	1.58E-14	65.67083	1.89E-14	64.55861	3.64E-09	65.67083	2.27E-09	64.22528	7.80E-14	65.67083	1.44E-13
64.39194	1.16E+06	65.8375	371710	64.39194	1.26E+08	65.8375	8.99E+07	64.39194	1.19E+07	65.8375	2.62E+07	64.39194	1.50E-14	65.8375	1.75E-14	64.72528	3.54E-09	65.8375	2.18E-09	64.39194	8.05E-14	65.8375	1.57E-13
64.55861	1.05E+06	66.00417	291066	64.55861	1.19E+08	66.00417	8.01E+07	64.55861	1.23E+07	66.00417	2.91E+07	64.55861	1.41E-14	66.00417	1.62E-14	64.89194	3.43E-09	66.00417	2.08E-09	64.55861	8.32E-14	66.00417	1.74E-13
64.72528	946873	66.17083	218555	64.72528	1.11E+08	66.17083	7.07E+07	64.72528	1.28E+07	66.17083	3.30E+07	64.72528	1.32E-14	66.17083	1.49E-14	65.05861	3.33E-09	66.17083	1.98E-09	64.72528	8.64E-14	66.17083	1.98E-13
64.89194	843440	66.3375	155130	64.89194	1.03E+08	66.3375	6.17E+07	64.89194	1.34E+07	66.3375	3.86E+07	64.89194	1.24E-14	66.3375	1.38E-14	65.22528	3.22E-09	66.3375	1.88E-09	64.89194	9.00E-14	66.3375	2.31E-13
65.05861	743305	66.50417	102065	65.05861	9.55E+07	66.50417	5.31E+07	65.05861	1.40E+07	66.50417	4.69E+07	65.05861	1.15E-14	66.50417	1.27E-14	65.39194	3.10E-09	66.50417	1.78E-09	65.05861	9.42E-14	66.50417	2.81E-13
65.22528	647037	66.67083	61002.2	65.22528	8.81E+07	66.67083	4.46E+07	65.22528	1.48E+07	66.67083	5.99E+07	65.22528	1.06E-14	66.67083	1.19E-14	65.55861	2.99E-09	66.67083	1.66E-09	65.22528	9.91E-14	66.67083	3.59E-13
65.39194	555171	66.8375	33586.3	65.39194	8.08E+07	66.8375	3.56E+07	65.39194	1.57E+07	66.8375	8.04E+07	65.39194	9.74E-15	66.8375	1.12E-14	65.72528	2.87E-09	66.8375	1.52E-09	65.39194	1.05E-13	66.8375	4.83E-13
65.55861	468208	67.00417	19924.9	65.55861	7.39E+07	67.00417	2.51E+07	65.55861	1.68E+07	67.00417	1.09E+08	65.55861	8.90E-15	67.00417	1.06E-14	65.89194	2.75E-09	67.00417	1.34E-09	65.55861	1.12E-13	67.00417	6.54E-13
65.72528	386623	67.17083	16072.7	65.72528	6.71E+07	67.17083	1.82E+07	65.72528	1.81E+07	67.17083	1.29E+08	65.72528	8.10E-15	67.17083	1.03E-14	66.05861	2.62E-09	67.17083	1.23E-09	65.72528	1.22E-13	67.17083	7.81E-13
65.89194	310888	67.3375	15834.2	65.89194	6.07E+07	67.3375	1.74E+07	65.89194	1.99E+07	67.3375	1.30E+08	65.89194	7.33E-15	67.3375	1.02E-14	66.22528	2.50E-09	67.3375	1.20E-09	65.89194	1.33E-13	67.3375	7.88E-13
66.05861	241511	67.50417	16210.4	66.05861	5.45E+07	67.50417	1.78E+07	66.05861	2.22E+07	67.50417	1.28E+08	66.05861	6.61E-15	67.50417	1.01E-14	66.39194	2.36E-09	67.50417	1.20E-09	66.05861	1.49E-13	67.50417	7.84E-13
66.22528	179126	67.67083	16621.5	66.22528	4.85E+07	67.67083	1.83E+07	66.22528	2.55E+07	67.67083	1.27E+08	66.22528	5.95E-15	67.67083	1.01E-14	66.55861	2.23E-09	67.67083	1.21E-09	66.22528	1.71E-13	67.67083	7.79E-13
66.39194	124617	67.8375	17010	66.39194	4.28E+07	67.8375	1.86E+07	66.39194	3.02E+07	67.8375	1.26E+08	66.39194	5.37E-15	67.8375	1.00E-14	66.72528	2.08E-09	67.8375	1.22E-09	66.39194	2.02E-13	67.8375	7.75E-13
66.55861	79290.5	68.00417	17378.8	66.55861	3.73E+07	68.00417	1.89E+07	66.55861	3.73E+07	68.00417	1.25E+08	66.55861	4.87E-15	68.00417	9.99E-15	66.89194	1.88E-09	68.00417	1.23E-09	66.55861	2.50E-13	68.00417	7.71E-13
66.72528	44948.5	68.17083	17729.5	66.72528	3.19E+07	68.17083	1.92E+07	66.72528	4.84E+07	68.17083	1.23E+08	66.72528	4.50E-15	68.17083	9.93E-15	67.05861	1.65E-09	68.17083	1.24E-09	66.72528	3.25E-13	68.17083	7.67E-13
66.89194	23475.5	68.3375	18062	66.89194	2.58E+07	68.3375	1.95E+07	66.89194	6.50E+07	68.3375	1.22E+08	66.89194	4.22E-15	68.3375	9.88E-15	67.22528	1.53E-09	68.3375	1.24E-09	66.89194	4.37E-13	68.3375	7.62E-13
67.05861	14732.4	68.50417	18375.8	67.05861	1.80E+07	68.50417	1.98E+07	67.05861	8.29E+07	68.50417	1.21E+08	67.05861	3.97E-15	68.50417	9.83E-15	67.39194	1.50E-09	68.50417	1.25E-09	67.05861	5.59E-13	68.50417	7.58E-13
67.22528	13076.1	68.67083	18671.1	67.22528	1.41E+07	68.67083	2.00E+07	67.22528	8.92E+07	68.67083	1.20E+08	67.22528	3.83E-15	68.67083	9.77E-15	67.55861	1.51E-09	68.67083	1.26E-09	67.22528	6.03E-13	68.67083	7.54E-13
67.39194	13047.4	68.8375	18948.5	67.39194	1.39E+07	68.8375	2.03E+07	67.39194	8.85E+07	68.8375	1.19E+08	67.39194	3.80E-15	68.8375	9.71E-15	67.72528	1.51E-09	68.8375	1.26E-09	67.39194	6.01E-13	68.8375	7.50E-13
67.55861	13264.5	69.00417	19208.7	67.55861	1.43E+07	69.00417	2.05E+07	67.55861	8.77E+07	69.00417	1.18E+08	67.55861	3.80E-15	69.00417	9.66E-15	67.89194	1.52E-09	69.00417	1.27E-09	67.55861	5.98E-13	69.00417	7.45E-13
67.72528	13499.5	69.17083	19452.8	67.72528	1.46E+07	69.17083	2.07E+07	67.72528	8.70E+07	69.17083	1.17E+08	67.72528	3.79E-15	69.17083	9.60E-15	68.05861	1.53E-09	69.17083	1.28E-09	67.72528	5.95E-13	69.17083	7.41E-13
67.89194	13730.3	69.3375	19681.4	67.89194	1.48E+07	69.3375	2.09E+07	67.89194	8.64E+07	69.3375	1.16E+08	67.89194	3.78E-15	69.3375	9.54E-15	68.22528	1.54E-09	69.3375	1.28E-09	67.89194	5.93E-13	69.3375	7.37E-13
68.05861	13957	69.50417	19895.7	68.05861	1.51E+07	69.50417	2.11E+07	68.05861	8.57E+07	69.50417	1.15E+08	68.05861	3.77E-15	69.50417	9.48E-15	68.39194	1.54E-09	69.50417	1.29E-09	68.05861	5.90E-13	69.50417	7.33E-13
68.22528	14178.9	69.67083	20096.4	68.22528	1.53E+07	69.67083	2.12E+07	68.22528	8.50E+07	69.67083	1.14E+08	68.22528	3.76E-15	69.67083	9.42E-15	68.55861	1.55E-09	69.67083	1.29E-09	68.22528	5.87E-13	69.67083	7.29E-13
68.39194	14394.7	69.8375	20284.3	68.39194	1.55E+07	69.8375	2.14E+07	68.39194	8.43E+07	69.8375	1.13E+08	68.39194	3.75E-15	69.8375	9.36E-15	68.72528	1.56E-09	69.8375	1.30E-09	68.39194	5.85E-13	69.8375	7.25E-13
68.55861	14603.2	70.00417	20460.3	68.55861	1.57E+07	70.00417	2.16E+07	68.55861	8.36E+07	70.00417	1.12E+08	68.55861	3.73E-15	70.00417	9.29E-15	68.89194	1.56E-09	70.00417	1.30E-09	68.55861	5.82E-13	70.00417	7.21E-13
68.72528	14803.4	70.17083	20624.9	68.72528	1.59E+07	70.17083	2.17E+07	68.72528	8.30E+07	70.17083	1.11E+08	68.72528	3.72E-15	70.17083	9.23E-15	69.05861	1.57E-09	70.17083	1.30E-09	68.72528	5.79E-13	70.17083	7.17E-13
68.89194	14995.1	70.3375	20778.9	68.89194	1.61E+07	70.3375	2.18E+07	68.89194	8.23E+07	70.3375	1.10E+08	68.89194	3.71E-15	70.3375	9.17E-15	69.22528	1.57E-09	70.3375	1.31E-09	68.89194	5.77E-13	70.3375	7.14E-13
69.05861	15178.3	70.50417	20923	69.05861	1.63E+07	70.50417	2.20E+07	69.05861	8.17E+07	70.50417	1.10E+08	69.05861	3.70E-15	70.50417	9.11E-15	69.39194	1.58E-09	70.50417	1.31E-09	69.05861	5.74E-13	70.50417	7.10E-13
69.22528	15352.9	70.67083	21057.6	69.22528	1.65E+07	70.67083	2.21E+07	69.22528	8.11E+07	70.67083	1.09E+08	69.22528	3.68E-15	70.67083	9.04E-15	69.55861	1.58E-09	70.67083	1.31E-09	69.22528	5.71E-13	70.67083	7.06E-13
69.39194	15519.4	70.8375	21183.4	69.39194	1.66E+07	70.8375	2.22E+07	69.39194	8.04E+07	70.8375	1.08E+08	69.39194	3.67E-15	70.8375	8.98E-15	69.72528	1.59E-09	70.8375	1.32E-09	69.39194	5.69E-13	70.8375	7.03E-13
69.55861	15678	71.00417	21300.7	69.55861	1.68E+07	71.00417	2.23E+07	69.55861	7.98E+07	71.00417	1.07E+08	69.55861	3.66E-15	71.00417	8.92E-15	69.89194	1.59E-09	71.00417	1.32E-09	69.55861	5.66E-13	71.00417	7.00E-13
69.72528	15829	71.17083	21410.2	69.72528	1.69E+07	71.17083	2.24E+07	69.72528	7.93E+07	71.17083	1.06E+08	69.72528	3.64E-15	71.17083	8.86E-15	70.05861	1.59E-09	71.17083	1.32E-09	69.72528	5.63E-13	71.17083	6.96E-13
69.89194	15972.7	71.3375	21512.3	69.89194	1.71E+07	71.3375	2.25E+07	69.89194	7.87E+07	71.3375	1.06E+08	69.89194	3.63E-15	71.3375	8.79E-15	70.22528	1.60E-09	71.3375	1.33E-09	69.89194	5.61E-13	71.3375	6.93E-13
70.05861	16109.6	71.50417	21607.3	70.05861	1.72E+07	71.50417	2.26E+07	70.05861	7.81E+07	71.50417	1.05E+08	70.05861	3.62E-15	71.50417	8.73E-15	70.39194	1.60E-09	71.50417	1.33E-09	70.05861	5.58E-13	71.50417	6.90E-13
70.22528	16239.7	71.67083	21695.8	70.22528	1.73E+07	71.67083	2.27E+07	70.22528	7.76E+07	71.67083	1.04E+08	70.22528	3.60E-15	71.67083	8.67E-15	70.55861	1.60E-09	71.67083	1.33E-09	70.22528	5.56E-13	71.67083	6.87E-13
70.39194	16363.6	71.8375	21777.9	70.39194	1.74E+07	71.8375	2.28E+07	70.39194	7.70E+07	71.8375	1.04E+08	70.39194	3.59E-15	71.8375	8.60E-15	70.72528	1.60E-09	71.8375	1.33E-09	70.39194	5.53E-13	71.8375	6.84E-13
70.55861	16481.4	72.00417	21854.1	70.55861	1.75E+07	72.00417	2.29E+07	70.55861	7.65E+07	72.00417	1.03E+08	70.55861	3.58E-15	72.00417	8.54E-15	70.79194	1.61E-09	72.00417	1.34E-09	70.55861	5.50E-13	72.00417	6.81E-13
70.72528	16593.4	72.17083	21924.8	70.72528	1.76E+07	72.17083	2.29E+07	70.72528	7.60E+07	72.17083	1.03E+08	70.72528	3.56E-15	72.17083	8.48E-15	70.95861	1.71E-09	72.17083	1.34E-09	70.72528	5.48E-13	72.17083	6.78E-13
70.89194	16699.9	72.3375	21990.1	70.89194	1.77E+07	72.3375	2.30E+07	70.89194	7.55E+07	72.3375	1.02E+08	70.89194	3.55E-15	72.3375	8.42E-15	71.04194	4.59E-10	72.3375	1.34E-09	70.89194	5.46E-13	72.3375	6.75E-13
70.90861	16710.2	72.50417	22050.5	70.90861	1.77E+07	72.50417	2.31E+07	70.90861	7.54E+07	72.50417	1.01E+08	70.90861	3.55E-15	72.50417	8.35E-15	71.20861	4.24E-10	72.50417	1.34E-09	70.90861	5.45E-13	72.50417	6.72E-13
71.07528	13480.4	72.67083	22106.1	71.07528	9.26E+06	72.67083	2.31E+07	71.07528	3.29E+07	72.67083	1.01E+08	71.07528	6.92E-15	72.67083	8.29E-15	71.37528	4.52E-10	72.67083	1.34E-09	71.07528	4.75E-13	72.67083	6.69E-13
71.15861	6375.59	72.8375	22157.2	71.15861	2.64E+06	72.8375	2.32E+07	71.15861	2.16E+07	72.8375	1.00E+08	71.15861	4.64E-15	72.8375	8.23E-15	71.54194	4.77E-10	72.8375	1.34E-09	71.15861	4.86E-13	72.8375	6.66E-13
71.32528	6007.51	73.00417	22204.1	71.32528	2.64E+06	73.00417	2.33E+07	71.32528	2.16E+07	73.00417	9.97E+07	71.32528	2.71E-15	73.00417	8.17E-15	71.70861	4.99E-10	73.00417	1.35E-09	71.32528	4.86E-13	73.00417	6.64E-13
71.49194	6000.15	73.17083	22246.9	71.49194	2.60E+06	73.17083	2.33E+07	71.49194	2.15E+07	73.17083	9.92E+07	71.49194	2.53E-15	73.17083	8.11E-15	71.87528	5.19E-10	73.17083	1.35E-09	71.49194	4.84E-13	73.17083	6.61E-13
71.65861	6003.81	73.3375	22285.9	71.65861	2.59E+06	73.3375	2.34E+07	71.65861	2.14E+07	73.3375	9.87E+07	71.65861	2.44E-15	73.3375	8.05E-15	72.04194	5.37E-10	73.3375	1.35E-09	71.65861	4.83E-13	73.3375	6.58E-13
71.82528	6013.59	73.50417	22321.2	71.82528	2.58E+06	73.50417	2.34E+07	71.82528	2.13E+07	73.50417	9.82E+07	71.82528	2.41E-15	73.50417	7.99E-15	72.20861	5.54E-10	73.50417	1.35E-09	71.82528	4.81E-13	73.50417	6.56E-13
71.99194	6023.38	73.67083	22353.2	71.99194	2.57E+06	73.67083	2.35E+07	71.99194	2.13E+07	73.67083	9.77E+07	71.99194	2.40E-15	73.67083	7.93E-15	72.37528	5.69E-10	73.67083	1.35E-09	71.99194	4.79E-13	73.67083	6.53E-13
72.15861	6031.04	73.8375	22381.8	72.15861	2.57E+06	73.8375	2.35E+07	72.15861	2.12E+07	73.8375	9.72E+07	72.15861	2.40E-15	73.8375	7.87E-15	72.54194	5.81E-10	73.8375	1.35E-09	72.15861	4.78E-13	73.8375	6.51E-13
72.32528	6036.5	74.00417	22407.3	72.32528	2.57E+06	74.00417	2.36E+07	72.32528	2.11E+07	74.00417	9.67E+07	72.32528	2.40E-15	74.00417	7.81E-15	72.70861	5.94E-10	74.00417	1.35E-09	72.32528	4.76E-13	74.00417	6.48E-13
72.49194	6040.22	74.17083	22429.9	72.49194	2.57E+06	74.17083	2.36E+07	72.49194	2.11E+07	74.17083	9.63E+07	72.49194	2.40E-15	74.17083	7.75E-15	72.87528	6.04E-10	74.17083	1.36E-09	72.49194	4.74E-13	74.17083	6.46E-13
72.65861	6042.71	74.3375	22449.6	72.65861	2.57E+06	74.3375	2.36E+07	72.65861	2.10E+07	74.3375	9.58E+07	72.65861	2.39E-15	74.3375	7.69E-15	72.95861	6.09E-10	74.3375	1.36E-09	72.65861	4.73E-13	74.3375	6.44E-13
72.82528	6044.38	74.50417	22466.7	72.82528	2.56E+06	74.50417	2.37E+07	72.82528	2.09E+07	74.50417	9.54E+07	72.82528	2.39E-15	74.50417	7.63E-15	73.12528	1.36E-09	74.50417	1.36E-09	72.82528	4.71E-13	74.50417	6.41E-13
72.84194	6044.52	74.67083	22481.2	72.84194	2.56E+06	74.67083	2.37E+07	72.84194	2.09E+07	74.67083	9.49E+07	72.84194	2.39E-15	74.67083	7.58E-15	73.20861	1.34E-09	74.67083	1.36E-09	72.84194	4.71E-13	74.67083	6.39E-13
73.00861	14726.6	74.8375	22493.3	73.00861	1.12E+07	74.8375	2.37E+07	73.00861	4.27E+07	74.8375	9.45E+07	73.00861	2.34E-16	74.8375	7.52E-15	73.37528	1.46E-09	74.8375	1.36E-09	73.00861	3.90E-13	74.8375	6.37E-13
73.09194	16355.2	75.00417	22503	73.09194	1.58E+07	75.00417	2.38E+07	73.09194	6.31E+07	75.00417	9.41E+07	73.09194	2.32E-16	75.00417	7.46E-15	73.54194	1.54E-09	75.00417	1.36E-09	73.09194	4.63E-13	75.00417	6.34E-13
73.25861	16459.2	75.17083	22510.6	73.25861	1.65E+07	75.17083	2.38E+07	73.25861	6.75E+07	75.17083	9.37E+07	73.25861	2.56E-16	75.17083	7.41E-15	73.70861	1.59E-09	75.17083	1.36E-09	73.25861	5.05E-13	75.17083	6.32E-13
73.42528	16613.1	75.3375	22516	73.42528	1.72E+07	75.3375	2.38E+07	73.42528	6.75E+07	75.3375	9.33E+07	73.42528	2.80E-16	75.3375	7.35E-15	73.87528	1.62E-09	75.3375	1.36E-09	73.42528	5.07E-13	75.3375	6.30E-13
73.59194	16756.5	75.50417	22519.4	73.59194	1.76E+07	75.50417	2.38E+07	73.59194	6.74E+07	75.50417	9.29E+07	73.59194	3.04E-16	75.50417	7.30E-15	74.04194	1.64E-09	75.50417	1.36E-09	73.59194	5.08E-13	75.50417	6.28E-13
73.75861	16887	75.67083	22520.9	73.75861	1.79E+07	75.67083	2.39E+07	73.75861	6.72E+07	75.67083	9.25E+07	73.75861	3.29E-16	75.67083	7.24E-15	74.20861	1.66E-09	75.67083	1.36E-09	73.75861	5.07E-13	75.67083	6.26E-13
73.92528	17008.4	75.8375	22520.5	73.92528	1.82E+07	75.8375	2.39E+07	73.92528	6.70E+07	75.8375	9.21E+07	73.92528	3.54E-16	75.8375	7.19E-15	74.37528	1.67E-09	75.8375	1.36E-09	73.92528	5.07E-13	75.8375	6.23E-13
74.09194	17122.1	76.00417	22518.4	74.09194	1.84E+07	76.00417	2.39E+07	74.09194	6.68E+07	76.00417	9.17E+07	74.09194	3.78E-16	76.00417	7.13E-15	74.54194	1.67E-09	76.00417	1.36E-09	74.09194	5.05E-13	76.00417	6.21E-13
74.25861	17228.3	76.17083	22514.6	74.25861	1.85E+07	76.17083	2.39E+07	74.25861	6.65E+07	76.17083	9.13E+07	74.25861	4.03E-16	76.17083	7.08E-15	74.70861	1.68E-09	76.17083	1.36E-09	74.25861	5.04E-13	76.17083	6.19E-13
74.42528	17326.9	76.3375	22509.1	74.42528	1.86E+07	76.3375	2.39E+07	74.42528	6.63E+07	76.3375	9.09E+07	74.42528	4.27E-16	76.3375	7.03E-15	74.87528	1.68E-09	76.3375	1.36E-09	74.42528	5.02E-13	76.3375	6.17E-13
74.59194	17418.3	76.50417	22502.2	74.59194	1.88E+07	76.50417	2.40E+07	74.59194	6.60E+07	76.50417	9.06E+07	74.59194	4.52E-16	76.50417	6.97E-15	75.04194	1.68E-09	76.50417	1.37E-09	74.59194	5.01E-13	76.50417	6.15E-13
74.75861	17502.6	76.67083	22493.7	74.75861	1.89E+07	76.67083	2.40E+07	74.75861	6.57E+07	76.67083	9.02E+07	74.75861	4.75E-16	76.67083	6.92E-15	75.20861	1.68E-09	76.67083	1.37E-09	74.75861	4.99E-13	76.67083	6.13E-13
74.92528	17580.3	76.8375	22483.9	74.92528	1.89E+07	76.8375	2.40E+07	74.92528	6.54E+07	76.8375	8.98E+07	74.92528	4.99E-16	76.8375	6.87E-15	75.37528	1.69E-09	76.8375	1.37E-09	74.92528	4.97E-13	76.8375	6.11E-13
75.09194	17651.9	77.00417	22476.1	75.09194	1.90E+07	77.00417	2.40E+07	75.09194	6.51E+07	77.00417	8.73E+07	75.09194	5.23E-16	77.00417	6.79E-15	75.54194	1.69E-09	77.00417	1.36E-09	75.09194	4.95E-13	77.00417	5.94E-13
75.25861	17717.8	77.17083	24991.5	75.25861	1.91E+07	77.17083	2.80E+07	75.25861	6.48E+07	77.17083	6.60E+07	75.25861	5.46E-16	77.17083	6.81E-15	75.70861	1.69E-09	77.17083	1.43E-09	75.25861	4.93E-13	77.17083	4.49E-13
75.42528	17778.3	77.3375	39884.1	75.42528	1.91E+07	77.3375	4.43E+07	75.42528	6.45E+07	77.3375	4.53E+07	75.42528	5.68E-16	77.3375	7.92E-15	75.87528	1.69E-09	77.3375	1.75E-09	75.42528	4.91E-13	77.3375	3.08E-13
75.59194	17833.8	77.50417	64177.3	75.59194	1.92E+07	77.50417	5.42E+07	75.59194	6.42E+07	77.50417	3.28E+07	75.59194	5.91E-16	77.50417	8.79E-15	76.04194	1.69E-09	77.50417	2.00E-09	75.59194	4.89E-13	77.50417	2.22E-13
75.75861	17884.7	77.67083	96595.7	75.75861	1.93E+07	77.67083	6.13E+07	75.75861	6.39E+07	77.67083	2.57E+07	75.75861	6.13E-16	77.67083	9.32E-15	76.20861	1.69E-09	77.67083	2.10E-09	75.75861	4.87E-13	77.67083	1.72E-13
75.92528	17931.2	77.8375	142020	75.92528	1.93E+07	77.8375	7.10E+07	75.92528	6.36E+07	77.8375	2.13E+07	75.92528	6.35E-16	77.8375	9.89E-15	76.37528	1.69E-09	77.8375	2.16E-09	75.92528	4.85E-13	77.8375	1.42E-13
76.09194	17973.7	78.00417	198190	76.09194	1.93E+07	78.00417	8.12E+07	76.09194	6.33E+07	78.00417	1.85E+07	76.09194	6.56E-16	78.00417	1.06E-14	76.54194	1.69E-09	78.00417	2.23E-09	76.09194	4.83E-13	78.00417	1.23E-13
76.25861	18012.3	78.17083	262864	76.25861	1.94E+07	78.17083	9.09E+07	76.25861	6.30E+07	78.17083	1.65E+07	76.25861	6.77E-16	78.17083	1.14E-14	76.70861	1.69E-09	78.17083	2.32E-09	76.25861	4.81E-13	78.17083	1.09E-13
76.42528	18047.4	78.3375	334668	76.42528	1.94E+07	78.3375	1.00E+08	76.42528	6.27E+07	78.3375	1.50E+07	76.42528	6.98E-16	78.3375	1.23E-14	76.87528	1.69E-09	78.3375	2.41E-09	76.42528	4.79E-13	78.3375	9.98E-14
76.59194	18079	78.50417	412685	76.59194	1.94E+07	78.50417	1.09E+08	76.59194	6.25E+07	78.50417	1.39E+07	76.59194	7.18E-16	78.50417	1.33E-14	77.04194	1.69E-09	78.50417	2.49E-09	76.59194	4.77E-13	78.50417	9.24E-14
76.75861	18107.4	78.67083	496258	76.75861	1.95E+07	78.67083	1.18E+08	76.75861	6.22E+07	78.67083	1.30E+07	76.75861	7.38E-16	78.67083	1.43E-14	77.20861	1.92E-09	78.67083	2.57E-09	76.75861	4.75E-13	78.67083	8.67E-14
76.92528	18132.8	78.8375	584869	76.92528	1.95E+07	78.8375	1.26E+08	76.92528	6.19E+07	78.8375	1.24E+07	76.92528	7.58E-16	78.8375	1.53E-14	77.37528	2.44E-09	78.8375	2.66E-09	76.92528	4.73E-13	78.8375	8.22E-14
77.09194	18664.7	79.00417	678055	77.09194	2.04E+07	79.00417	1.34E+08	77.09194	5.54E+07	79.00417	1.18E+07	77.09194	7.82E-16	79.00417	1.63E-14	77.54194	2.67E-09	79.00417	2.73E-09	77.09194	4.24E-13	79.00417	7.86E-14
77.25861	27712.7	79.17083	775368	77.25861	3.32E+07	79.17083	1.42E+08	77.25861	4.09E+07	79.17083	1.14E+07	77.25861	1.02E-15	79.17083	1.74E-14	77.70861	2.71E-09	79.17083	2.80E-09	77.25861	3.12E-13	79.17083	7.56E-14
77.42528	49336.3	79.3375	876350	77.42528	4.31E+07	79.3375	1.50E+08	77.42528	2.91E+07	79.3375	1.10E+07	77.42528	1.44E-15	79.3375	1.85E-14	77.87528	2.74E-09	79.3375	2.87E-09	77.42528	2.20E-13	79.3375	7.31E-14
77.59194	75154.5	79.50417	980530	77.59194	4.47E+07	79.50417	1.58E+08	77.59194	2.18E+07	79.50417	1.07E+07	77.59194	1.81E-15	79.50417	1.96E-14	78.04194	2.81E-09	79.50417	2.94E-09	77.59194	1.63E-13	79.50417	7.10E-14
77.75861	112988	79.67083	1.09E+06	77.75861	5.01E+07	79.67083	1.65E+08	77.75861	1.75E+07	79.67083	1.04E+07	77.75861	2.18E-15	79.67083	2.07E-14	78.20861	2.91E-09	79.67083	3.00E-09	77.75861	1.29E-13	79.67083	6.93E-14
77.92528	161144	79.8375	1.20E+06	77.92528	5.65E+07	79.8375	1.73E+08	77.92528	1.47E+07	79.8375	1.02E+07	77.92528	2.61E-15	79.8375	2.18E-14	78.37528	3.01E-09	79.8375	3.06E-09	77.92528	1.08E-13	79.8375	6.79E-14
78.09194	217015	80.00417	1.31E+06	78.09194	6.29E+07	80.00417	1.81E+08	78.09194	1.28E+07	80.00417	1.00E+07	78.09194	3.14E-15	80.00417	2.30E-14	78.54194	3.11E-09	80.00417	3.13E-09	78.09194	9.43E-14	80.00417	6.67E-14
78.25861	279102	80.17083	1.42E+06	78.25861	6.91E+07	80.17083	1.89E+08	78.25861	1.15E+07	80.17083	9.88E+06	78.25861	3.77E-15	80.17083	2.41E-14	78.70861	3.21E-09	80.17083	3.19E-09	78.25861	8.45E-14	80.17083	6.57E-14
78.42528	346416	80.3375	1.53E+06	78.42528	7.50E+07	80.3375	1.97E+08	78.42528	1.05E+07	80.3375	9.76E+06	78.42528	4.47E-15	80.3375	2.53E-14	78.87528	3.30E-09	80.3375	3.25E-09	78.42528	7.73E-14	80.3375	6.49E-14
78.59194	418337	80.50417	1.64E+06	78.59194	8.08E+07	80.50417	2.05E+08	78.59194	9.77E+06	80.50417	9.66E+06	78.59194	5.22E-15	80.50417	2.64E-14	79.04194	3.39E-09	80.50417	3.31E-09	78.59194	7.18E-14	80.50417	6.43E-14
78.75861	494466	80.67083	1.76E+06	78.75861	8.64E+07	80.67083	2.12E+08	78.75861	9.18E+06	80.67083	9.58E+06	78.75861	6.03E-15	80.67083	2.76E-14	79.20861	3.48E-09	80.67083	3.37E-09	78.75861	6.75E-14	80.67083	6.38E-14
78.92528	574500	80.8375	1.87E+06	78.92528	9.20E+07	80.8375	2.20E+08	78.92528	8.71E+06	80.8375	9.52E+06	78.92528	6.88E-15	80.8375	2.87E-14	79.37528	3.56E-09	80.8375	3.43E-09	78.92528	6.41E-14	80.8375	6.34E-14
79.09194	658163	81.00417	1.98E+06	79.09194	9.75E+07	81.00417	2.28E+08	79.09194	8.32E+06	81.00417	9.48E+06	79.09194	7.78E-15	81.00417	2.99E-14	79.54194	3.64E-09	81.00417	3.49E-09	79.09194	6.13E-14	81.00417	6.31E-14
79.25861	745170	81.17083	2.09E+06	79.25861	1.03E+08	81.17083	2.36E+08	79.25861	8.01E+06	81.17083	9.45E+06	79.25861	8.71E-15	81.17083	3.10E-14	79.70861	3.72E-09	81.17083	3.54E-09	79.25861	5.91E-14	81.17083	6.29E-14
79.42528	835211	81.3375	2.19E+06	79.42528	1.09E+08	81.3375	2.43E+08	79.42528	7.76E+06	81.3375	9.44E+06	79.42528	9.67E-15	81.3375	3.21E-14	79.87528	3.80E-09	81.3375	3.60E-09	79.42528	5.73E-14	81.3375	6.28E-14
79.59194	927954	81.50417	2.29E+06	79.59194	1.14E+08	81.50417	2.51E+08	79.59194	7.55E+06	81.50417	9.44E+06	79.59194	1.07E-14	81.50417	3.32E-14	80.04194	3.88E-09	81.50417	3.65E-09	79.59194	5.58E-14	81.50417	6.28E-14
79.75861	1.02E+06	81.67083	2.39E+06	79.75861	1.20E+08	81.67083	2.59E+08	79.75861	7.38E+06	81.67083	9.45E+06	79.75861	1.17E-14	81.67083	3.42E-14	80.20861	3.95E-09	81.67083	3.70E-09	79.75861	5.45E-14	81.67083	6.29E-14
79.92528	1.12E+06	81.8375	2.49E+06	79.92528	1.26E+08	81.8375	2.66E+08	79.92528	7.24E+06	81.8375	9.47E+06	79.92528	1.27E-14	81.8375	3.53E-14	80.37528	4.03E-09	81.8375	3.75E-09	79.92528	5.35E-14	81.8375	6.30E-14
80.09194	1.22E+06	82.00417	2.58E+06	80.09194	1.31E+08	82.00417	2.74E+08	80.09194	7.12E+06	82.00417	9.50E+06	80.09194	1.38E-14	82.00417	3.63E-14	80.54194	4.10E-09	82.00417	3.80E-09	80.09194	5.27E-14	82.00417	6.32E-14
80.25861	1.32E+06	82.17083	2.66E+06	80.25861	1.37E+08	82.17083	2.81E+08	80.25861	7.03E+06	82.17083	9.54E+06	80.25861	1.48E-14	82.17083	3.73E-14	80.70861	4.18E-09	82.17083	3.85E-09	80.25861	5.21E-14	82.17083	6.34E-14
80.42528	1.42E+06	82.3375	2.75E+06	80.42528	1.43E+08	82.3375	2.88E+08	80.42528	6.96E+06	82.3375	9.59E+06	80.42528	1.59E-14	82.3375	3.83E-14	80.87528	4.25E-09	82.3375	3.91E-09	80.42528	5.16E-14	82.3375	6.37E-14
80.59194	1.52E+06	82.50417	2.82E+06	80.59194	1.49E+08	82.50417	2.95E+08	80.59194	6.91E+06	82.50417	9.64E+06	80.59194	1.70E-14	82.50417	3.93E-14	81.04194	4.32E-09	82.50417	3.95E-09	80.59194	5.13E-14	82.50417	6.41E-14
80.75861	1.62E+06	82.67083	2.89E+06	80.75861	1.55E+08	82.67083	3.01E+08	80.75861	6.87E+06	82.67083	9.70E+06	80.75861	1.81E-14	82.67083	4.02E-14	81.20861	4.39E-09	82.67083	3.99E-09	80.75861	5.10E-14	82.67083	6.44E-14
80.92528	1.72E+06	82.8375	2.95E+06	80.92528	1.61E+08	82.8375	3.08E+08	80.92528	6.84E+06	82.8375	9.77E+06	80.92528	1.92E-14	82.8375	4.11E-14	81.37528	4.46E-09	82.8375	4.03E-09	80.92528	5.09E-14	82.8375	6.49E-14
81.09194	1.82E+06	83.00417	3.01E+06	81.09194	1.67E+08	83.00417	3.14E+08	81.09194	6.83E+06	83.00417	9.85E+06	81.09194	2.03E-14	83.00417	4.19E-14	81.54194	4.53E-09	83.00417	4.06E-09	81.09194	5.08E-14	83.00417	6.53E-14
81.25861	1.92E+06	83.17083	3.06E+06	81.25861	1.73E+08	83.17083	3.19E+08	81.25861	6.83E+06	83.17083	9.93E+06	81.25861	2.14E-14	83.17083	4.27E-14	81.70861	4.59E-09	83.17083	4.10E-09	81.25861	5.08E-14	83.17083	6.59E-14
81.42528	2.01E+06	83.3375	3.10E+06	81.42528	1.80E+08	83.3375	3.24E+08	81.42528	6.84E+06	83.3375	1.00E+07	81.42528	2.25E-14	83.3375	4.35E-14	81.87528	4.65E-09	83.3375	4.13E-09	81.42528	5.09E-14	83.3375	6.64E-14
81.59194	2.10E+06	83.50417	3.14E+06	81.59194	1.86E+08	83.50417	3.29E+08	81.59194	6.86E+06	83.50417	1.01E+07	81.59194	2.35E-14	83.50417	4.42E-14	82.04194	4.72E-09	83.50417	4.15E-09	81.59194	5.11E-14	83.50417	6.70E-14
81.75861	2.19E+06	83.67083	3.17E+06	81.75861	1.92E+08	83.67083	3.33E+08	81.75861	6.89E+06	83.67083	1.02E+07	81.75861	2.46E-14	83.67083	4.48E-14	82.20861	4.77E-09	83.67083	4.18E-09	81.75861	5.13E-14	83.67083	6.76E-14
81.92528	2.28E+06	83.8375	3.19E+06	81.92528	1.98E+08	83.8375	3.37E+08	81.92528	6.93E+06	83.8375	1.03E+07	81.92528	2.57E-14	83.8375	4.54E-14	82.37528	4.83E-09	83.8375	4.20E-09	81.92528	5.16E-14	83.8375	6.82E-14
82.09194	2.36E+06	84.00417	3.20E+06	82.09194	2.04E+08	84.00417	3.40E+08	82.09194	6.98E+06	84.00417	1.04E+07	82.09194	2.67E-14	84.00417	4.60E-14	82.54194	4.88E-09	84.00417	4.21E-09	82.09194	5.20E-14	84.00417	6.88E-14
82.25861	2.44E+06	84.17083	3.21E+06	82.25861	2.10E+08	84.17083	3.43E+08	82.25861	7.03E+06	84.17083	1.05E+07	82.25861	2.77E-14	84.17083	4.65E-14	82.70861	4.93E-09	84.17083	4.23E-09	82.25861	5.24E-14	84.17083	6.95E-14
82.42528	2.52E+06	84.3375	3.21E+06	82.42528	2.16E+08	84.3375	3.45E+08	82.42528	7.09E+06	84.3375	1.06E+07	82.42528	2.87E-14	84.3375	4.69E-14	82.87528	4.98E-09	84.3375	4.24E-09	82.42528	5.28E-14	84.3375	7.02E-14
82.59194	2.58E+06	84.50417	3.20E+06	82.59194	2.22E+08	84.50417	3.46E+08	82.59194	7.15E+06	84.50417	1.08E+07	82.59194	2.97E-14	84.50417	4.73E-14	83.04194	5.02E-09	84.50417	4.24E-09	82.59194	5.33E-14	84.50417	7.10E-14
82.75861	2.65E+06	84.67083	3.18E+06	82.75861	2.27E+08	84.67083	3.46E+08	82.75861	7.23E+06	84.67083	1.09E+07	82.75861	3.06E-14	84.67083	4.75E-14	83.10861	5.05E-09	84.67083	4.25E-09	82.75861	5.39E-14	84.67083	7.17E-14
82.92528	2.70E+06	84.8375	3.15E+06	82.92528	2.32E+08	84.8375	3.46E+08	82.92528	7.30E+06	84.8375	1.10E+07	82.92528	3.15E-14	84.8375	4.77E-14	83.27528	5.99E-09	84.8375	4.24E-09	82.92528	5.44E-14	84.8375	7.25E-14
83.09194	2.76E+06	85.00417	3.12E+06	83.09194	2.38E+08	85.00417	3.45E+08	83.09194	7.39E+06	85.00417	1.12E+07	83.09194	3.24E-14	85.00417	4.79E-14	83.35861	8.00E-10	85.00417	4.24E-09	83.09194	5.50E-14	85.00417	7.33E-14
83.10861	2.76E+06	85.17083	3.08E+06	83.10861	2.38E+08	85.17083	3.44E+08	83.10861	7.40E+06	85.17083	1.13E+07	83.10861	3.24E-14	85.17083	4.79E-14	83.52528	1.06E-09	85.17083	4.23E-09	83.10861	5.51E-14	85.17083	7.41E-14
83.27528	1.91E+06	85.3375	3.03E+06	83.27528	1.33E+08	85.3375	3.41E+08	83.27528	5.20E+06	85.3375	1.14E+07	83.27528	6.56E-14	85.3375	4.79E-14	83.69194	1.20E-09	85.3375	4.22E-09	83.27528	7.52E-14	85.3375	7.50E-14
83.35861	287108	85.50417	2.98E+06	83.35861	7.60E+06	85.50417	3.38E+08	83.35861	4.30E+06	85.50417	1.16E+07	83.35861	9.59E-14	85.50417	4.78E-14	83.85861	1.36E-09	85.50417	4.20E-09	83.35861	9.60E-14	85.50417	7.59E-14
83.52528	285502	85.67083	2.92E+06	83.52528	8.01E+06	85.67083	3.34E+08	83.52528	4.30E+06	85.67083	1.18E+07	83.52528	8.11E-14	85.67083	4.76E-14	84.02528	1.54E-09	85.67083	4.18E-09	83.52528	9.64E-14	85.67083	7.69E-14
83.69194	286501	85.8375	2.85E+06	83.69194	8.15E+06	85.8375	3.30E+08	83.69194	4.29E+06	85.8375	1.19E+07	83.69194	8.21E-14	85.8375	4.73E-14	84.19194	1.72E-09	85.8375	4.16E-09	83.69194	9.64E-14	85.8375	7.78E-14
83.85861	287701	86.00417	2.78E+06	83.85861	8.29E+06	86.00417	3.24E+08	83.85861	4.29E+06	86.00417	1.21E+07	83.85861	8.33E-14	86.00417	4.69E-14	84.35861	1.93E-09	86.00417	4.13E-09	83.85861	9.64E-14	86.00417	7.89E-14
84.02528	288619	86.17083	2.70E+06	84.02528	8.42E+06	86.17083	3.18E+08	84.02528	4.28E+06	86.17083	1.23E+07	84.02528	8.43E-14	86.17083	4.64E-14	84.52528	2.14E-09	86.17083	4.10E-09	84.02528	9.63E-14	86.17083	8.00E-14
84.19194	288993	86.3375	2.62E+06	84.19194	8.53E+06	86.3375	3.11E+08	84.19194	4.28E+06	86.3375	1.25E+07	84.19194	8.52E-14	86.3375	4.58E-14	84.64194	2.29E-09	86.3375	4.06E-09	84.19194	9.63E-14	86.3375	8.11E-14
84.35861	288672	86.50417	2.53E+06	84.35861	8.62E+06	86.50417	3.04E+08	84.35861	4.28E+06	86.50417	1.27E+07	84.35861	8.59E-14	86.50417	4.51E-14	84.80861	4.22E-09	86.50417	4.01E-09	84.35861	9.63E-14	86.50417	8.23E-14
84.52528	287576	86.67083	2.43E+06	84.52528	8.69E+06	86.67083	2.96E+08	84.52528	4.28E+06	86.67083	1.29E+07	84.52528	8.63E-14	86.67083	4.44E-14	84.89194	4.30E-09	86.67083	3.97E-09	84.52528	9.63E-14	86.67083	8.35E-14
84.64194	286325	86.8375	2.33E+06	84.64194	8.72E+06	86.8375	2.87E+08	84.64194	4.28E+06	86.8375	1.31E+07	84.64194	8.65E-14	86.8375	4.35E-14	85.05861	4.63E-09	86.8375	3.92E-09	84.64194	9.63E-14	86.8375	8.49E-14
84.80861	2.17E+06	87.00417	2.23E+06	84.80861	1.43E+08	87.00417	2.78E+08	84.80861	6.02E+06	87.00417	1.34E+07	84.80861	2.35E-14	87.00417	4.26E-14	85.22528	4.83E-09	87.00417	3.87E-09	84.80861	5.32E-14	87.00417	8.63E-14
84.89194	2.67E+06	87.17083	2.12E+06	84.89194	1.99E+08	87.17083	2.68E+08	84.89194	7.25E+06	87.17083	1.36E+07	84.89194	2.29E-14	87.17083	4.15E-14	85.39194	4.93E-09	87.17083	3.81E-09	84.89194	5.09E-14	87.17083	8.79E-14
85.05861	2.64E+06	87.3375	2.01E+06	85.05861	2.00E+08	87.3375	2.58E+08	85.05861	7.43E+06	87.3375	1.39E+07	85.05861	2.36E-14	87.3375	4.04E-14	85.55861	4.99E-09	87.3375	3.75E-09	85.05861	5.30E-14	87.3375	8.95E-14
85.22528	2.64E+06	87.50417	1.90E+06	85.22528	2.02E+08	87.50417	2.47E+08	85.22528	7.58E+06	87.50417	1.42E+07	85.22528	2.37E-14	87.50417	3.92E-14	85.72528	5.01E-09	87.50417	3.69E-09	85.22528	5.42E-14	87.50417	9.13E-14
85.39194	2.62E+06	87.67083	1.78E+06	85.39194	2.04E+08	87.67083	2.36E+08	85.39194	7.72E+06	87.67083	1.45E+07	85.39194	2.37E-14	87.67083	3.80E-14	85.89194	5.02E-09	87.67083	3.62E-09	85.39194	5.52E-14	87.67083	9.33E-14
85.55861	2.58E+06	87.8375	1.66E+06	85.55861	2.04E+08	87.8375	2.25E+08	85.55861	7.87E+06	87.8375	1.49E+07	85.55861	2.36E-14	87.8375	3.66E-14	86.05861	5.00E-09	87.8375	3.55E-09	85.55861	5.62E-14	87.8375	9.54E-14
85.72528	2.54E+06	88.00417	1.55E+06	85.72528	2.03E+08	88.00417	2.14E+08	85.72528	8.02E+06	88.00417	1.53E+07	85.72528	2.35E-14	88.00417	3.53E-14	86.22528	4.98E-09	88.00417	3.48E-09	85.72528	5.71E-14	88.00417	9.78E-14
85.89194	2.49E+06	88.17083	1.43E+06	85.89194	2.02E+08	88.17083	2.02E+08	85.89194	8.17E+06	88.17083	1.57E+07	85.89194	2.34E-14	88.17083	3.38E-14	86.39194	4.95E-09	88.17083	3.40E-09	85.89194	5.81E-14	88.17083	1.00E-13
86.05861	2.43E+06	88.3375	1.31E+06	86.05861	2.00E+08	88.3375	1.90E+08	86.05861	8.33E+06	88.3375	1.62E+07	86.05861	2.33E-14	88.3375	3.23E-14	86.55861	4.91E-09	88.3375	3.32E-09	86.05861	5.92E-14	88.3375	1.03E-13
86.22528	2.36E+06	88.50417	1.19E+06	86.22528	1.97E+08	88.50417	1.78E+08	86.22528	8.49E+06	88.50417	1.67E+07	86.22528	2.31E-14	88.50417	3.08E-14	86.72528	4.86E-09	88.50417	3.24E-09	86.22528	6.02E-14	88.50417	1.07E-13
86.39194	2.29E+06	88.67083	1.08E+06	86.39194	1.94E+08	88.67083	1.67E+08	86.39194	8.65E+06	88.67083	1.73E+07	86.39194	2.29E-14	88.67083	2.92E-14	86.89194	4.81E-09	88.67083	3.15E-09	86.39194	6.13E-14	88.67083	1.10E-13
86.55861	2.21E+06	88.8375	962756	86.55861	1.90E+08	88.8375	1.55E+08	86.55861	8.83E+06	88.8375	1.80E+07	86.55861	2.26E-14	88.8375	2.77E-14	87.05861	4.75E-09	88.8375	3.06E-09	86.55861	6.24E-14	88.8375	1.15E-13
86.72528	2.12E+06	89.00417	852066	86.72528	1.86E+08	89.00417	1.43E+08	86.72528	9.01E+06	89.00417	1.88E+07	86.72528	2.22E-14	89.00417	2.61E-14	87.22528	4.68E-09	89.00417	2.97E-09	86.72528	6.36E-14	89.00417	1.20E-13
86.89194	2.04E+06	89.17083	744958	86.89194	1.82E+08	89.17083	1.32E+08	86.89194	9.19E+06	89.17083	1.98E+07	86.89194	2.18E-14	89.17083	2.45E-14	87.39194	4.61E-09	89.17083	2.87E-09	86.89194	6.48E-14	89.17083	1.25E-13
87.05861	1.94E+06	89.3375	642086	87.05861	1.76E+08	89.3375	1.21E+08	87.05861	9.39E+06	89.3375	2.09E+07	87.05861	2.13E-14	89.3375	2.29E-14	87.55861	4.53E-09	89.3375	2.77E-09	87.05861	6.61E-14	89.3375	1.32E-13
87.22528	1.85E+06	89.50417	544097	87.22528	1.71E+08	89.50417	1.10E+08	87.22528	9.60E+06	89.50417	2.23E+07	87.22528	2.08E-14	89.50417	2.14E-14	87.72528	4.45E-09	89.50417	2.67E-09	87.22528	6.75E-14	89.50417	1.41E-13
87.39194	1.75E+06	89.67083	451629	87.39194	1.65E+08	89.67083	9.99E+07	87.39194	9.83E+06	89.67083	2.40E+07	87.39194	2.02E-14	89.67083	1.99E-14	87.89194	4.37E-09	89.67083	2.56E-09	87.39194	6.90E-14	89.67083	1.52E-13
87.55861	1.65E+06	89.8375	365339	87.55861	1.59E+08	89.8375	8.98E+07	87.55861	1.01E+07	89.8375	2.61E+07	87.55861	1.95E-14	89.8375	1.84E-14	88.05861	4.28E-09	89.8375	2.46E-09	87.55861	7.05E-14	89.8375	1.65E-13
87.72528	1.54E+06	90.00417	285940	87.72528	1.52E+08	90.00417	8.00E+07	87.72528	1.03E+07	90.00417	2.89E+07	87.72528	1.88E-14	90.00417	1.70E-14	88.22528	4.18E-09	90.00417	2.35E-09	87.72528	7.22E-14	90.00417	1.83E-13
87.89194	1.44E+06	90.17083	214274	87.89194	1.45E+08	90.17083	7.05E+07	87.89194	1.06E+07	90.17083	3.27E+07	87.89194	1.81E-14	90.17083	1.56E-14	88.39194	4.08E-09	90.17083	2.23E-09	87.89194	7.40E-14	90.17083	2.06E-13
88.05861	1.34E+06	90.3375	151430	88.05861	1.38E+08	90.3375	6.13E+07	88.05861	1.09E+07	90.3375	3.80E+07	88.05861	1.73E-14	90.3375	1.44E-14	88.55861	3.98E-09	90.3375	2.11E-09	88.05861	7.60E-14	90.3375	2.40E-13
88.22528	1.23E+06	90.50417	98871.5	88.22528	1.31E+08	90.50417	5.22E+07	88.22528	1.12E+07	90.50417	4.59E+07	88.22528	1.65E-14	90.50417	1.33E-14	88.72528	3.87E-09	90.50417	1.99E-09	88.22528	7.82E-14	90.50417	2.90E-13
88.39194	1.13E+06	90.67083	58438	88.39194	1.24E+08	90.67083	4.31E+07	88.39194	1.16E+07	90.67083	5.80E+07	88.39194	1.56E-14	90.67083	1.23E-14	88.89194	3.76E-09	90.67083	1.85E-09	88.39194	8.07E-14	90.67083	3.68E-13
88.55861	1.02E+06	90.8375	31822.9	88.55861	1.16E+08	90.8375	3.36E+07	88.55861	1.20E+07	90.8375	7.69E+07	88.55861	1.47E-14	90.8375	1.15E-14	89.05861	3.64E-09	90.8375	1.69E-09	88.55861	8.34E-14	90.8375	4.88E-13
88.72528	923210	91.00417	18842.5	88.72528	1.09E+08	91.00417	2.30E+07	88.72528	1.25E+07	91.00417	1.02E+08	88.72528	1.38E-14	91.00417	1.08E-14	89.22528	3.52E-09	91.00417	1.48E-09	88.72528	8.65E-14	91.00417	6.48E-13
88.89194	824190	91.17083	15333.6	88.89194	1.02E+08	91.17083	1.66E+07	88.89194	1.30E+07	91.17083	1.19E+08	88.89194	1.29E-14	91.17083	1.04E-14	89.39194	3.39E-09	91.17083	1.36E-09	88.89194	9.01E-14	91.17083	7.61E-13
89.05861	727991	91.3375	15197.7	89.05861	9.45E+07	91.3375	1.61E+07	89.05861	1.36E+07	91.3375	1.19E+08	89.05861	1.20E-14	91.3375	1.03E-14	89.55861	3.26E-09	91.3375	1.34E-09	89.05861	9.43E-14	91.3375	7.66E-13
89.22528	635138	91.50417	15560.4	89.22528	8.74E+07	91.50417	1.65E+07	89.22528	1.43E+07	91.50417	1.18E+08	89.22528	1.11E-14	91.50417	1.02E-14	89.72528	3.13E-09	91.50417	1.34E-09	89.22528	9.92E-14	91.50417	7.62E-13
89.39194	546133	91.67083	15937.7	89.39194	8.05E+07	91.67083	1.69E+07	89.39194	1.52E+07	91.67083	1.17E+08	89.39194	1.02E-14	91.67083	1.02E-14	89.89194	3.00E-09	91.67083	1.35E-09	89.39194	1.05E-13	91.67083	7.58E-13
89.55861	461459	91.8375	16294.4	89.55861	7.37E+07	91.8375	1.72E+07	89.55861	1.63E+07	91.8375	1.16E+08	89.55861	9.31E-15	91.8375	1.01E-14	90.05861	2.86E-09	91.8375	1.36E-09	89.55861	1.12E-13	91.8375	7.54E-13
89.72528	381592	92.00417	16635.8	89.72528	6.71E+07	92.00417	1.75E+07	89.72528	1.76E+07	92.00417	1.15E+08	89.72528	8.46E-15	92.00417	1.01E-14	90.22528	2.71E-09	92.00417	1.37E-09	89.72528	1.21E-13	92.00417	7.51E-13
89.89194	307032	92.17083	16963.3	89.89194	6.07E+07	92.17083	1.77E+07	89.89194	1.93E+07	92.17083	1.14E+08	89.89194	7.65E-15	92.17083	1.00E-14	90.39194	2.56E-09	92.17083	1.38E-09	89.89194	1.33E-13	92.17083	7.47E-13
90.05861	238354	92.3375	17276.2	90.05861	5.44E+07	92.3375	1.80E+07	90.05861	2.15E+07	92.3375	1.12E+08	90.05861	6.89E-15	92.3375	9.94E-15	90.55861	2.40E-09	92.3375	1.39E-09	90.05861	1.48E-13	92.3375	7.43E-13
90.22528	176303	92.50417	17573.9	90.22528	4.84E+07	92.50417	1.82E+07	90.22528	2.46E+07	92.50417	1.11E+08	90.22528	6.18E-15	92.50417	9.88E-15	90.72528	2.22E-09	92.50417	1.40E-09	90.22528	1.69E-13	92.50417	7.40E-13
90.39194	121938	92.67083	17856.2	90.39194	4.24E+07	92.67083	1.85E+07	90.39194	2.90E+07	92.67083	1.10E+08	90.39194	5.54E-15	92.67083	9.82E-15	90.89194	2.00E-09	92.67083	1.41E-09	90.39194	2.00E-13	92.67083	7.36E-13
90.55861	76794.5	92.8375	18123	90.55861	3.66E+07	92.8375	1.87E+07	90.55861	3.56E+07	92.8375	1.09E+08	90.55861	5.00E-15	92.8375	9.75E-15	91.05861	1.75E-09	92.8375	1.41E-09	90.55861	2.46E-13	92.8375	7.32E-13
90.72528	42895.7	93.00417	18374.9	90.72528	3.07E+07	93.00417	1.89E+07	90.72528	4.58E+07	93.00417	1.09E+08	90.72528	4.57E-15	93.00417	9.69E-15	91.22528	1.64E-09	93.00417	1.42E-09	90.72528	3.16E-13	93.00417	7.29E-13
90.89194	22119.2	93.17083	18612.5	90.89194	2.42E+07	93.17083	1.91E+07	90.89194	6.07E+07	93.17083	1.08E+08	90.89194	4.25E-15	93.17083	9.63E-15	91.39194	1.62E-09	93.17083	1.43E-09	90.89194	4.20E-13	93.17083	7.25E-13
91.05861	13914	93.3375	18836.4	91.05861	1.64E+07	93.3375	1.93E+07	91.05861	7.62E+07	93.3375	1.07E+08	91.05861	3.96E-15	93.3375	9.56E-15	91.55861	1.63E-09	93.3375	1.43E-09	91.05861	5.29E-13	93.3375	7.21E-13
91.22528	12464.5	93.50417	19047.3	91.22528	1.29E+07	93.50417	1.95E+07	91.22528	8.12E+07	93.50417	1.06E+08	91.22528	3.81E-15	93.50417	9.50E-15	91.72528	1.64E-09	93.50417	1.44E-09	91.22528	5.66E-13	93.50417	7.18E-13
91.39194	12472.6	93.67083	19245.8	91.39194	1.29E+07	93.67083	1.96E+07	91.39194	8.06E+07	93.67083	1.05E+08	91.39194	3.77E-15	93.67083	9.43E-15	91.89194	1.64E-09	93.67083	1.44E-09	91.39194	5.64E-13	93.67083	7.14E-13
91.55861	12667.5	93.8375	19432.5	91.55861	1.32E+07	93.8375	1.98E+07	91.55861	7.99E+07	93.8375	1.04E+08	91.55861	3.76E-15	93.8375	9.37E-15	92.05861	1.65E-09	93.8375	1.45E-09	91.55861	5.61E-13	93.8375	7.11E-13
91.72528	12872	94.00417	19608.2	91.72528	1.35E+07	94.00417	1.99E+07	91.72528	7.93E+07	94.00417	1.03E+08	91.72528	3.75E-15	94.00417	9.30E-15	92.22528	1.66E-09	94.00417	1.45E-09	91.72528	5.59E-13	94.00417	7.07E-13
91.89194	13073.6	94.17083	19773.3	91.89194	1.37E+07	94.17083	2.01E+07	91.89194	7.87E+07	94.17083	1.03E+08	91.89194	3.73E-15	94.17083	9.23E-15	92.39194	1.67E-09	94.17083	1.46E-09	91.89194	5.57E-13	94.17083	7.04E-13
92.05861	13273.3	94.3375	19928.5	92.05861	1.39E+07	94.3375	2.02E+07	92.05861	7.81E+07	94.3375	1.02E+08	92.05861	3.71E-15	94.3375	9.17E-15	92.55861	1.68E-09	94.3375	1.46E-09	92.05861	5.55E-13	94.3375	7.01E-13
92.22528	13470.4	94.44472	20023.1	92.22528	1.41E+07	94.44472	2.03E+07	92.22528	7.75E+07	94.44472	1.01E+08	92.22528	3.69E-15	94.44472	9.13E-15	92.72528	1.68E-09	94.44472	1.47E-09	92.22528	5.53E-13	94.44472	6.99E-13
92.39194	13663.6	94.61139	20163	92.39194	1.43E+07	94.61139	2.04E+07	92.39194	7.69E+07	94.61139	1.01E+08	92.39194	3.67E-15	94.61139	9.06E-15	92.89194	1.69E-09	94.61139	1.47E-09	92.39194	5.50E-13	94.61139	6.95E-13
92.55861	13851.6	94.77806	20294.4	92.55861	1.45E+07	94.77806	2.05E+07	92.55861	7.63E+07	94.77806	1.00E+08	92.55861	3.65E-15	94.77806	8.99E-15	93.05861	1.69E-09	94.77806	1.47E-09	92.55861	5.48E-13	94.77806	6.92E-13
92.72528	14033.3	94.94472	20417.5	92.72528	1.46E+07	94.94472	2.07E+07	92.72528	7.57E+07	94.94472	9.93E+07	92.72528	3.63E-15	94.94472	8.92E-15	93.22528	1.70E-09	94.94472	1.48E-09	92.72528	5.46E-13	94.94472	6.89E-13
92.89194	14208.4	95.11139	20533	92.89194	1.48E+07	95.11139	2.08E+07	92.89194	7.52E+07	95.11139	9.87E+07	92.89194	3.62E-15	95.11139	8.86E-15	93.39194	1.71E-09	95.11139	1.48E-09	92.89194	5.44E-13	95.11139	6.86E-13
93.05861	14376.7	95.27806	20641.1	93.05861	1.50E+07	95.27806	2.09E+07	93.05861	7.46E+07	95.27806	9.80E+07	93.05861	3.60E-15	95.27806	8.79E-15	93.55861	1.71E-09	95.27806	1.48E-09	93.05861	5.41E-13	95.27806	6.83E-13
93.22528	14538	95.44472	20742.3	93.22528	1.51E+07	95.44472	2.10E+07	93.22528	7.40E+07	95.44472	9.74E+07	93.22528	3.58E-15	95.44472	8.72E-15	93.72528	1.72E-09	95.44472	1.49E-09	93.22528	5.39E-13	95.44472	6.80E-13
93.39194	14692.5	95.61139	20836.9	93.39194	1.53E+07	95.61139	2.10E+07	93.39194	7.35E+07	95.61139	9.68E+07	93.39194	3.56E-15	95.61139	8.66E-15	93.89194	1.72E-09	95.61139	1.49E-09	93.39194	5.37E-13	95.61139	6.78E-13
93.55861	14840.3	95.77806	20925.2	93.55861	1.54E+07	95.77806	2.11E+07	93.55861	7.30E+07	95.77806	9.62E+07	93.55861	3.54E-15	95.77806	8.59E-15	94.05861	1.72E-09	95.77806	1.49E-09	93.55861	5.34E-13	95.77806	6.75E-13
93.72528	14981.7	95.94472	21007.7	93.72528	1.55E+07	95.94472	2.12E+07	93.72528	7.24E+07	95.94472	9.57E+07	93.72528	3.52E-15	95.94472	8.52E-15	94.22528	1.73E-09	95.94472	1.49E-09	93.72528	5.32E-13	95.94472	6.72E-13
93.89194	15116.8	96.00028	21034	93.89194	1.57E+07	96.00028	2.12E+07	93.89194	7.19E+07	96.00028	9.55E+07	93.89194	3.51E-15	96.00028	8.50E-15	94.39194	1.73E-09	96.00028	1.49E-09	93.89194	5.30E-13	96.00028	6.71E-13
94.05861	15246	*	*	94.05861	1.58E+07	*	*	94.05861	7.14E+07	*	*	94.05861	3.49E-15	*	*	94.44472	1.73E-09	*	*	94.05861	5.28E-13	*	*
94.22528	15369.3	*	*	94.22528	1.59E+07	*	*	94.22528	7.09E+07	*	*	94.22528	3.47E-15	*	*	94.61139	1.73E-09	*	*	94.22528	5.25E-13	*	*
94.39194	15487	*	*	94.39194	1.60E+07	*	*	94.39194	7.04E+07	*	*	94.39194	3.45E-15	*	*	94.77806	1.74E-09	*	*	94.39194	5.23E-13	*	*
94.44472	15523.2	*	*	94.44472	1.61E+07	*	*	94.44472	7.03E+07	*	*	94.44472	3.45E-15	*	*	94.94472	1.74E-09	*	*	94.44472	5.22E-13	*	*
94.61139	15634	*	*	94.61139	1.62E+07	*	*	94.61139	6.98E+07	*	*	94.61139	3.43E-15	*	*	95.11139	1.74E-09	*	*	94.61139	5.20E-13	*	*
94.77806	15739.7	*	*	94.77806	1.63E+07	*	*	94.77806	6.94E+07	*	*	94.77806	3.41E-15	*	*	95.27806	1.75E-09	*	*	94.77806	5.18E-13	*	*
94.94472	15840.4	*	*	94.94472	1.63E+07	*	*	94.94472	6.89E+07	*	*	94.94472	3.39E-15	*	*	95.44472	1.75E-09	*	*	94.94472	5.16E-13	*	*
95.11139	15936.5	*	*	95.11139	1.64E+07	*	*	95.11139	6.85E+07	*	*	95.11139	3.38E-15	*	*	95.61139	1.75E-09	*	*	95.11139	5.14E-13	*	*
95.27806	16028.1	*	*	95.27806	1.65E+07	*	*	95.27806	6.81E+07	*	*	95.27806	3.36E-15	*	*	95.77806	1.75E-09	*	*	95.27806	5.12E-13	*	*
95.44472	16115.3	*	*	95.44472	1.66E+07	*	*	95.44472	6.76E+07	*	*	95.44472	3.34E-15	*	*	95.94472	1.75E-09	*	*	95.44472	5.09E-13	*	*
95.61139	16198.4	*	*	95.61139	1.67E+07	*	*	95.61139	6.72E+07	*	*	95.61139	3.33E-15	*	*	96.00028	1.75E-09	*	*	95.61139	5.07E-13	*	*
95.77806	16277.4	*	*	95.77806	1.68E+07	*	*	95.77806	6.68E+07	*	*	95.77806	3.31E-15	*	*	*	*	*	*	95.77806	5.05E-13	*	*
95.94472	16352.5	*	*	95.94472	1.68E+07	*	*	95.94472	6.64E+07	*	*	95.94472	3.29E-15	*	*	*	*	*	*	95.94472	5.03E-13	*	*
96.00028	16376.7	*	*	96.00028	1.69E+07	*	*	96.00028	6.63E+07	*	*	96.00028	3.29E-15	*	*	*	*	*	*	96.00028	5.03E-13	*	*
