Time	Sulfate(C2w)	Time	Sulfate(C2wo)	Time	Nitrate(C2w)	Time	Nitrate(C2wo)	Time	Ammonium(C2w)	Time	Ammonium(C2wo)
23.99194	37.10447	24.00417	10.84987	23.99194	32.38043	24.00417	26.61693	23.99194	22.65897	24.00417	10.36593
24.15861	37.37595	24.17083	10.85677	24.15861	32.59625	24.17083	26.77846	24.15861	22.8205	24.17083	10.41439
24.32528	37.63553	24.3375	10.86366	24.32528	32.81232	24.3375	26.93683	24.32528	22.97934	24.3375	10.462
24.49194	37.88947	24.50417	10.87059	24.49194	33.02864	24.50417	27.09222	24.49194	23.13692	24.50417	10.50869
24.65861	38.14063	24.67083	10.87749	24.65861	33.24496	24.67083	27.24508	24.65861	23.29379	24.67083	10.55464
24.82528	38.39018	24.8375	10.88446	24.82528	33.46171	24.8375	27.3952	24.82528	23.44993	24.8375	10.59984
24.84194	38.41516	25.00417	10.89141	24.84194	33.48335	25.00417	27.54309	24.84194	23.46558	25.00417	10.6443
25.00861	38.48206	25.17083	10.89837	25.00861	33.00247	25.17083	27.68857	25.00861	22.3857	25.17083	10.68811
25.09194	38.48624	25.3375	10.90533	25.09194	32.06626	25.3375	27.83206	25.09194	22.03686	25.3375	10.73133
25.25861	38.50562	25.50417	10.91233	25.25861	31.21417	25.50417	27.9735	25.25861	21.42882	25.50417	10.77396
25.42528	38.52256	25.67083	10.91933	25.42528	30.46003	25.67083	28.11302	25.42528	20.90466	25.67083	10.81606
25.59194	38.53664	25.8375	10.92637	25.59194	29.81271	25.8375	28.25087	25.59194	20.46906	25.8375	10.85764
25.75861	38.5482	26.00417	10.93334	25.75861	29.28587	26.00417	28.38698	25.75861	20.12004	26.00417	10.89877
25.92528	38.55747	26.17083	10.9404	25.92528	28.879	26.17083	28.52167	25.92528	19.8495	26.17083	10.93943
26.09194	38.56478	26.3375	10.94743	26.09194	28.58184	26.3375	28.65481	26.09194	19.647	26.3375	10.97971
26.25861	38.57052	26.50417	10.95448	26.25861	28.3789	26.50417	28.78664	26.25861	19.50084	26.50417	11.01951
26.42528	38.57522	26.67083	10.96151	26.42528	28.25364	26.67083	28.91705	26.42528	19.39968	26.67083	11.059
26.59194	38.57888	26.8375	10.96855	26.59194	28.18989	26.8375	29.04628	26.59194	19.3338	26.8375	11.09817
26.75861	38.58183	27.00417	10.97566	26.75861	28.17378	27.00417	29.17433	26.75861	19.29492	27.00417	11.13693
26.92528	38.58434	27.17083	10.98268	26.92528	28.19373	27.17083	29.30133	26.92528	19.2762	27.17083	11.17537
27.09194	38.58646	27.3375	10.98975	27.09194	28.24062	27.3375	29.42733	27.09194	19.27242	27.3375	11.21355
27.25861	38.58828	27.50417	10.99685	27.25861	28.3074	27.50417	29.55216	27.25861	19.27998	27.50417	11.25146
27.42528	38.58989	27.67083	11.00394	27.42528	28.38867	27.67083	29.67624	27.42528	19.29546	27.67083	11.28904
27.59194	38.59145	27.8375	11.01103	27.59194	28.48029	27.8375	29.79946	27.59194	19.31706	27.8375	11.32645
27.75861	38.59279	28.00417	11.01814	27.75861	28.57934	28.00417	29.92168	27.75861	19.34262	28.00417	11.36351
27.92528	38.59443	28.17083	11.02523	27.92528	28.6836	28.17083	30.0431	27.92528	19.37142	28.17083	11.40045
28.09194	38.59573	28.3375	11.03232	28.09194	28.79145	28.3375	30.16377	28.09194	19.40256	28.3375	11.43711
28.25861	38.59717	28.50417	11.03942	28.25861	28.90177	28.50417	30.28376	28.25861	19.43496	28.50417	11.47358
28.42528	38.59848	28.67083	11.04657	28.42528	29.01364	28.67083	30.40289	28.42528	19.46862	28.67083	11.5098
28.59194	38.59978	28.8375	11.05366	28.59194	29.12657	28.8375	30.52158	28.59194	19.50264	28.8375	11.54589
28.75861	38.60134	29.00417	11.06077	28.75861	29.23992	29.00417	30.63934	28.75861	19.53756	29.00417	11.58176
28.92528	38.6028	29.17083	11.06783	28.92528	29.35365	29.17083	30.74983	28.92528	19.57266	29.17083	11.61693
29.09194	38.60428	29.3375	11.07492	29.09194	29.46347	29.3375	30.84026	29.09194	19.60776	29.3375	11.64796
29.25861	38.60531	29.50417	11.08225	29.25861	29.5518	29.50417	30.90837	29.25861	19.64142	29.50417	11.67271
29.42528	38.60652	29.67083	11.08994	29.42528	29.61433	29.67083	30.95726	29.42528	19.67058	29.67083	11.6917
29.59194	38.60766	29.8375	11.0982	29.59194	29.6583	29.8375	30.98904	29.59194	19.69506	29.8375	11.70592
29.75861	38.60911	30.00417	11.1071	29.75861	29.68826	30.00417	31.00663	29.75861	19.71594	30.00417	11.71608
29.92528	38.6107	30.17083	11.11677	29.92528	29.70738	30.17083	31.01337	29.92528	19.7334	30.17083	11.72308
30.09194	38.61253	30.3375	11.12739	30.09194	29.7193	30.3375	31.012	30.09194	19.74852	30.3375	11.7276
30.25861	38.61469	30.50417	11.13904	30.25861	29.7262	30.50417	31.00455	30.25861	19.7613	30.50417	11.73028
30.42528	38.61718	30.67083	11.1518	30.42528	29.72933	30.67083	30.99282	30.42528	19.7721	30.67083	11.73165
30.59194	38.6202	30.8375	11.16586	30.59194	29.73022	30.8375	30.97819	30.59194	19.78164	30.8375	11.73237
30.75861	38.62355	31.00417	11.18127	30.75861	29.72951	31.00417	30.9617	30.75861	19.79028	31.00417	11.73271
30.92528	38.62722	31.17083	11.19813	30.92528	29.72855	31.17083	30.94459	30.92528	19.79802	31.17083	11.73309
31.09194	38.6315	31.3375	11.21654	31.09194	29.72766	31.3375	30.92767	31.09194	19.80558	31.3375	11.73388
31.25861	38.63639	31.50417	11.23651	31.25861	29.72807	31.50417	30.91186	31.25861	19.81314	31.50417	11.73526
31.42528	38.64159	31.67083	11.25822	31.42528	29.72966	31.67083	30.89767	31.42528	19.82052	31.67083	11.73755
31.59194	38.64789	31.8375	11.28166	31.59194	29.73342	31.8375	30.88572	31.59194	19.82844	31.8375	11.74088
31.75861	38.6544	32.00417	11.30696	31.75861	29.73973	32.00417	30.87674	31.75861	19.83672	32.00417	11.74554
31.92528	38.66171	32.17083	11.33405	31.92528	29.74877	32.17083	30.87062	31.92528	19.84554	32.17083	11.75155
32.09194	38.67	32.3375	11.36303	32.09194	29.76091	32.3375	30.86815	32.09194	19.85508	32.3375	11.7591
32.25861	38.6788	32.50417	11.39392	32.25861	29.77646	32.50417	30.86953	32.25861	19.86534	32.50417	11.76833
32.42528	38.68859	32.67083	11.42672	32.42528	29.79561	32.67083	30.87501	32.42528	19.87668	32.67083	11.77926
32.59194	38.69916	32.8375	11.46146	32.59194	29.81843	32.8375	30.8847	32.59194	19.88874	32.8375	11.79196
32.75861	38.71043	33.00417	11.49809	32.75861	29.84546	33.00417	30.89874	32.75861	19.90206	33.00417	11.80656
32.92528	38.72278	33.17083	11.53667	32.92528	29.8764	33.17083	30.91742	32.92528	19.91646	33.17083	11.823
33.09194	38.73602	33.3375	11.57706	33.09194	29.91137	33.3375	30.9407	33.09194	19.93194	33.3375	11.84134
33.25861	38.74994	33.50417	11.6193	33.25861	29.95062	33.50417	30.9685	33.25861	19.94868	33.50417	11.86164
33.42528	38.76494	33.67083	11.66337	33.42528	29.99372	33.67083	31.00076	33.42528	19.9665	33.67083	11.88376
33.59194	38.78082	33.8375	11.70916	33.59194	30.04084	33.8375	31.03731	33.59194	19.98558	33.8375	11.90774
33.75861	38.79777	34.00417	11.75662	33.75861	30.09207	34.00417	31.07838	33.75861	20.00592	34.00417	11.93353
33.92528	38.81551	34.17083	11.80572	33.92528	30.14708	34.17083	31.12379	33.92528	20.02734	34.17083	11.96111
34.09194	38.83421	34.3375	11.85637	34.09194	30.20599	34.3375	31.17299	34.09194	20.05002	34.3375	11.99031
34.25861	38.8537	34.50417	11.90848	34.25861	30.26801	34.50417	31.22622	34.25861	20.07396	34.50417	12.02123
34.42528	38.87396	34.67083	11.96193	34.42528	30.33368	34.67083	31.28285	34.42528	20.0988	34.67083	12.05363
34.59194	38.89529	34.8375	12.01671	34.59194	30.40252	34.8375	31.34315	34.59194	20.1249	34.8375	12.08743
34.75861	38.91768	35.00417	12.07265	34.75861	30.47427	35.00417	31.40654	34.75861	20.1519	35.00417	12.12266
34.92528	38.94056	35.17083	12.12971	34.92528	30.54844	35.17083	31.47266	34.92528	20.18016	35.17083	12.15913
35.09194	38.96439	35.3375	12.18771	35.09194	30.62541	35.3375	31.5417	35.09194	20.20896	35.3375	12.19671
35.10861	38.96671	35.50417	12.24659	35.10861	30.63328	35.50417	31.61303	35.10861	20.21202	35.50417	12.23536
35.27528	38.93586	35.67083	12.30613	35.27528	37.79489	35.67083	31.68659	35.27528	23.48263	35.67083	12.27498
35.35861	43.44746	35.8375	12.36634	35.35861	38.24458	35.8375	31.76195	35.35861	27.03489	35.8375	12.31537
35.52528	47.36734	36.00417	12.42717	35.52528	38.34114	36.00417	31.8391	35.52528	28.08889	36.00417	12.35657
35.69194	48.31594	36.17083	12.48819	35.69194	38.43726	36.17083	31.91738	35.69194	28.26716	36.17083	12.39828
35.85861	48.91936	36.3375	12.54964	35.85861	38.53629	36.3375	31.99707	35.85861	28.38503	36.3375	12.44058
36.02528	49.40352	36.50417	12.61115	36.02528	38.63779	36.50417	32.07758	36.02528	28.48815	36.50417	12.48327
36.19194	49.83633	36.67083	12.6726	36.19194	38.74135	36.67083	32.15882	36.19194	28.58569	36.67083	12.52624
36.35861	50.24336	36.8375	12.73403	36.35861	38.8467	36.8375	32.24075	36.35861	28.68	36.8375	12.56938
36.52528	50.63539	37.00417	12.79519	36.52528	38.95341	37.00417	32.32261	36.52528	28.7727	37.00417	12.61273
36.64194	50.90334	37.17083	12.85595	36.64194	39.02875	37.17083	32.40472	36.64194	28.83713	37.17083	12.65602
36.80861	51.07821	37.3375	12.91626	36.80861	37.82058	37.3375	32.48689	36.80861	27.58896	37.3375	12.69924
36.89194	51.08066	37.50417	12.97598	36.89194	36.30593	37.50417	32.56875	36.89194	27.15012	37.50417	12.74226
37.05861	51.11053	37.67083	13.03498	37.05861	35.29798	37.67083	32.64999	37.05861	26.39214	37.67083	12.7851
37.22528	51.13732	37.8375	13.09311	37.22528	34.42186	37.8375	32.73073	37.22528	25.74486	37.8375	12.82759
37.39194	51.1601	38.00417	13.15035	37.39194	33.67886	38.00417	32.81085	37.39194	25.21674	38.00417	12.86962
37.55861	51.17926	38.17083	13.20646	37.55861	33.08455	38.17083	32.89004	37.55861	24.80472	38.17083	12.9112
37.72528	51.19537	38.3375	13.26141	37.72528	32.6351	38.3375	32.96805	37.72528	24.49584	38.3375	12.95221
37.89194	51.20919	38.50417	13.3152	37.89194	32.31323	38.50417	33.04525	37.89194	24.27354	38.50417	12.9926
38.05861	51.22101	38.67083	13.36759	38.05861	32.09653	38.67083	33.12078	38.05861	24.11964	38.67083	13.03229
38.22528	51.23147	38.8375	13.41856	38.22528	31.9614	38.8375	33.19525	38.22528	24.01848	38.8375	13.07126
38.39194	51.24107	39.00417	13.46801	38.39194	31.88777	39.00417	33.26811	38.39194	23.9562	39.00417	13.10937
38.55861	51.24963	39.17083	13.51582	38.55861	31.85904	39.17083	33.33941	38.55861	23.922	39.17083	13.14663
38.72528	51.25818	39.3375	13.562	38.72528	31.86177	39.3375	33.40911	38.72528	23.90832	39.3375	13.1829
38.89194	51.26591	39.50417	13.60645	38.89194	31.88668	39.50417	33.47675	38.89194	23.90868	39.50417	13.21827
39.05861	51.27362	39.67083	13.64909	39.05861	31.92614	39.67083	33.54285	39.05861	23.91894	39.67083	13.25252
39.22528	51.28112	39.8375	13.69003	39.22528	31.97532	39.8375	33.60671	39.22528	23.93604	39.8375	13.28578
39.39194	51.28846	40.00417	13.72901	39.39194	32.03062	40.00417	33.66871	39.39194	23.95764	40.00417	13.31786
39.55861	51.29539	40.17083	13.76618	39.55861	32.08921	40.17083	33.72847	39.55861	23.98212	40.17083	13.34884
39.72528	51.30225	40.3375	13.80148	39.72528	32.14946	40.3375	33.78644	39.72528	24.00894	40.3375	13.37863
39.89194	51.30885	40.50417	13.83488	39.89194	32.21008	40.50417	33.84217	39.89194	24.03666	40.50417	13.40725
40.05861	51.3155	40.67083	13.86638	40.05861	32.27033	40.67083	33.8958	40.05861	24.0651	40.67083	13.43475
40.22528	51.32173	40.8375	13.89607	40.22528	32.32939	40.8375	33.9475	40.22528	24.09372	40.8375	13.46101
40.39194	51.32784	41.00417	13.92398	40.39194	32.38734	41.00417	33.99753	40.39194	24.12252	41.00417	13.48621
40.55861	51.33374	41.17083	13.95015	40.55861	32.44349	41.17083	34.04582	40.55861	24.15096	41.17083	13.51026
40.72528	51.33924	41.3375	13.97459	40.72528	32.49827	41.3375	34.09269	40.72528	24.17922	41.3375	13.5333
40.89194	51.34464	41.50417	13.99749	40.89194	32.55168	41.50417	34.13875	40.89194	24.20712	41.50417	13.5555
41.05861	51.34975	41.67083	14.01879	41.05861	32.60374	41.67083	34.18426	41.05861	24.23466	41.67083	13.57684
41.22528	51.35457	41.8375	14.03876	41.22528	32.65492	41.8375	34.23051	41.22528	24.26166	41.8375	13.59774
41.39194	51.3592	42.00417	14.05739	41.39194	32.70586	42.00417	34.27831	41.39194	24.28848	42.00417	13.6183
41.55861	51.36357	42.17083	14.07493	41.55861	32.75729	42.17083	34.32978	41.55861	24.31494	42.17083	13.639
41.72528	51.36757	42.3375	14.09133	41.72528	32.80978	42.3375	34.38683	41.72528	24.34104	42.3375	13.66035
41.89194	51.37151	42.50417	14.107	41.89194	32.86506	42.50417	34.45388	41.89194	24.36732	42.50417	13.68326
42.05861	51.37532	42.67083	14.12191	42.05861	32.92457	42.67083	34.53713	42.05861	24.39378	42.67083	13.70893
42.22528	51.37891	42.8375	14.13641	42.22528	32.99133	42.8375	34.64681	42.22528	24.42096	42.8375	13.73958
42.39194	51.38233	43.00417	14.15068	42.39194	33.06939	43.00417	34.79852	42.39194	24.44904	43.00417	13.77853
42.55861	51.38583	43.17083	14.16504	42.55861	33.16527	43.17083	35.00439	42.55861	24.4791	43.17083	13.82994
42.72528	51.38961	43.3375	14.17929	42.72528	33.28956	43.3375	35.25148	42.72528	24.51222	43.3375	13.89451
42.89194	51.39362	43.50417	14.1933	42.89194	33.45885	43.50417	35.52075	42.89194	24.55038	43.50417	13.96858
43.05861	51.39816	43.67083	14.20718	43.05861	33.68952	43.67083	35.80165	43.05861	24.59682	43.67083	14.04826
43.22528	51.40283	43.8375	14.22105	43.22528	33.97031	43.8375	36.08707	43.22528	24.65352	43.8375	14.13105
43.39194	51.40743	44.00417	14.23474	43.39194	34.26324	44.00417	36.37222	43.39194	24.71868	44.00417	14.2148
43.55861	51.41193	44.17083	14.24851	43.55861	34.55522	44.17083	36.65358	43.55861	24.78888	44.17083	14.29841
43.72528	51.41614	44.3375	14.2622	43.72528	34.84272	44.3375	36.92905	43.72528	24.8616	44.3375	14.38092
43.89194	51.42029	44.50417	14.27592	43.89194	35.12388	44.50417	37.19725	43.89194	24.93522	44.50417	14.46172
44.05861	51.42432	44.67083	14.28952	44.05861	35.39734	44.67083	37.45739	44.05861	25.00866	44.67083	14.54058
44.22528	51.42838	44.8375	14.30309	44.22528	35.66268	44.8375	37.70891	44.22528	25.0812	44.8375	14.61706
44.39194	51.43256	45.00417	14.31664	44.39194	35.91926	45.00417	37.95187	44.39194	25.15266	45.00417	14.69126
44.55861	51.43669	45.17083	14.33025	44.55861	36.16722	45.17083	38.18609	44.55861	25.2225	45.17083	14.76303
44.72528	51.44068	45.3375	14.34386	44.72528	36.40681	45.3375	38.41212	44.72528	25.29054	45.3375	14.83251
44.89194	51.44474	45.50417	14.35733	44.89194	36.63808	45.50417	38.62977	44.89194	25.35696	45.50417	14.89963
45.05861	51.44886	45.67083	14.37082	45.05861	36.86191	45.67083	38.84005	45.05861	25.42176	45.67083	14.96457
45.22528	51.45305	45.8375	14.3844	45.22528	37.07829	45.8375	39.04289	45.22528	25.48494	45.8375	15.02737
45.39194	51.45732	46.00417	14.39783	45.39194	37.28741	46.00417	39.23866	45.39194	25.54632	46.00417	15.08821
45.55861	51.46137	46.17083	14.41124	45.55861	37.49027	46.17083	39.42798	45.55861	25.60626	46.17083	15.14715
45.72528	51.4657	46.3375	14.42471	45.72528	37.68681	46.3375	39.61116	45.72528	25.66494	46.3375	15.20431
45.89194	51.47	46.50417	14.43808	45.89194	37.87744	46.50417	39.78845	45.89194	25.72218	46.50417	15.25977
46.05861	51.47439	46.67083	14.45147	46.05861	38.06269	46.67083	39.96059	46.05861	25.77798	46.67083	15.31368
46.22528	51.47867	46.8375	14.46478	46.22528	38.24272	46.8375	40.12752	46.22528	25.8327	46.8375	15.36613
46.39194	51.48313	47.00417	14.47808	46.39194	38.41779	47.00417	40.28974	46.39194	25.88616	47.00417	15.41715
46.55861	51.48738	47.17083	14.49129	46.55861	38.58858	47.17083	40.44744	46.55861	25.93872	47.17083	15.4669
46.72528	51.49201	47.3375	14.50455	46.72528	38.75508	47.3375	40.60104	46.72528	25.9902	47.3375	15.51543
46.89194	51.49643	47.50417	14.51778	46.89194	38.9175	47.50417	40.75105	46.89194	26.04078	47.50417	15.56291
46.90861	51.4969	47.67083	14.53094	46.90861	38.9335	47.67083	40.89727	46.90861	26.04564	47.67083	15.60926
47.07528	51.44791	47.8375	14.54407	47.07528	48.22104	47.8375	41.04008	47.07528	29.85102	47.8375	15.65464
47.15861	52.73967	48.00417	14.55724	47.15861	48.92482	48.00417	41.17992	47.15861	32.19431	48.00417	15.69912
47.32528	54.00839	48.17083	14.57027	47.32528	49.16509	48.17083	41.31665	47.32528	32.29348	48.17083	15.74273
47.49194	54.17926	48.3375	14.58334	47.49194	49.40535	48.3375	41.45066	47.49194	32.38149	48.3375	15.78548
47.65861	54.27707	48.50417	14.59626	47.65861	49.64486	48.50417	41.58219	47.65861	32.46897	48.50417	15.82753
47.82528	54.37071	48.67083	14.6093	47.82528	49.88394	48.67083	41.71142	47.82528	32.55627	48.67083	15.86891
47.99194	54.46475	48.8375	14.62221	47.99194	50.12214	48.8375	41.83824	47.99194	32.64357	48.8375	15.90957
48.15861	54.55955	49.00417	14.63503	48.15861	50.36011	49.00417	41.96319	48.15861	32.73105	49.00417	15.94966
48.32528	54.65421	49.17083	14.64791	48.32528	50.59763	49.17083	42.08591	48.32528	32.81853	49.17083	15.98913
48.49194	54.7485	49.3375	14.66076	48.49194	50.83448	49.3375	42.20684	48.49194	32.90583	49.3375	16.0281
48.65861	54.84231	49.50417	14.67352	48.65861	51.07107	49.50417	42.32621	48.65861	32.99331	49.50417	16.06653
48.82528	54.93574	49.67083	14.68626	48.82528	51.30699	49.67083	42.44397	48.82528	33.08061	49.67083	16.10451
48.84194	54.94518	49.8375	14.69898	48.84194	51.33067	49.8375	42.56012	48.84194	33.08925	49.8375	16.14204
49.00861	55.0887	50.00417	14.71158	49.00861	49.55649	50.00417	42.67497	49.00861	31.94946	50.00417	16.1791
49.09194	55.08465	50.17083	14.72423	49.09194	47.54265	50.17083	42.7882	49.09194	31.47048	50.17083	16.21584
49.25861	55.11108	50.3375	14.73678	49.25861	46.36796	50.3375	42.90057	49.25861	30.6459	50.3375	16.25218
49.42528	55.13301	50.50417	14.74939	49.42528	45.38486	50.50417	43.01157	49.42528	29.96334	50.50417	16.28813
49.59194	55.14998	50.67083	14.7619	49.59194	44.5873	50.67083	43.12145	49.59194	29.42658	50.67083	16.32382
49.75861	55.16257	50.8375	14.77437	49.75861	43.98207	50.8375	43.23016	49.75861	29.02464	50.8375	16.35919
49.92528	55.17181	51.00417	14.78681	49.92528	43.55238	51.00417	43.33825	49.92528	28.73664	51.00417	16.39422
50.09194	55.1786	51.17083	14.79924	50.09194	43.26934	51.17083	43.44516	50.09194	28.53954	51.17083	16.42905
50.25861	55.18343	51.3375	14.81161	50.25861	43.10073	51.3375	43.5512	50.25861	28.41156	51.3375	16.46356
50.42528	55.18666	51.50417	14.82389	50.42528	43.01777	51.50417	43.65656	50.42528	28.33434	51.50417	16.49781
50.59194	55.18907	51.67083	14.83623	50.59194	42.9965	51.67083	43.76099	50.59194	28.2933	51.67083	16.53187
50.75861	55.19098	51.8375	14.84844	50.75861	43.01894	51.8375	43.86479	50.75861	28.27782	51.8375	16.56573
50.92528	55.19231	52.00417	14.8607	50.92528	43.07185	52.00417	43.96786	50.92528	28.2798	52.00417	16.59931
51.09194	55.1934	52.17083	14.87288	51.09194	43.14519	52.17083	44.0703	51.09194	28.29402	52.17083	16.6327
51.25861	55.19426	52.3375	14.88501	51.25861	43.23253	52.3375	44.17206	51.25861	28.31634	52.3375	16.66597
51.42528	55.19487	52.50417	14.89711	51.42528	43.32885	52.50417	44.27333	51.42528	28.34424	52.50417	16.69905
51.59194	55.19566	52.67083	14.90917	51.59194	43.43129	52.67083	44.37398	51.59194	28.3761	52.67083	16.73192
51.75861	55.19609	52.8375	14.92124	51.75861	43.53752	52.8375	44.47413	51.75861	28.41012	52.8375	16.76466
51.92528	55.19694	53.00417	14.93322	51.92528	43.64603	53.00417	44.57359	51.92528	28.44576	53.00417	16.79721
52.09194	55.19748	53.17083	14.94507	52.09194	43.75565	53.17083	44.66653	52.09194	28.48248	53.17083	16.82916
52.25861	55.19808	53.3375	14.95701	52.25861	43.86621	53.3375	44.74047	52.25861	28.51974	53.3375	16.85738
52.42528	55.19886	53.50417	14.96908	52.42528	43.97651	53.50417	44.79275	52.42528	28.55736	53.50417	16.87984
52.59194	55.19954	53.67083	14.98171	52.59194	44.08706	53.67083	44.82656	52.59194	28.59534	53.67083	16.89712
52.75861	55.2002	53.8375	14.99493	52.75861	44.19687	53.8375	44.84387	52.75861	28.63332	53.8375	16.90998
52.92528	55.20115	54.00417	15.00896	52.92528	44.30648	54.00417	44.84836	52.92528	28.67112	54.00417	16.91914
53.09194	55.20186	54.17083	15.02416	53.09194	44.41232	54.17083	44.84293	53.09194	28.70874	54.17083	16.92542
53.25861	55.2026	54.3375	15.04026	53.25861	44.49728	54.3375	44.83026	53.25861	28.74474	54.3375	16.92942
53.42528	55.2032	54.50417	15.05781	53.42528	44.55519	54.50417	44.81194	53.42528	28.77606	54.50417	16.93165
53.59194	55.20388	54.67083	15.07664	53.59194	44.59349	54.67083	44.78942	53.59194	28.80288	54.67083	16.93276
53.75861	55.20484	54.8375	15.09685	53.75861	44.61659	54.8375	44.7641	53.75861	28.82646	54.8375	16.93329
53.92528	55.20653	55.00417	15.11868	53.92528	44.6289	55.00417	44.73725	53.92528	28.84734	55.00417	16.93348
54.09194	55.20873	55.17083	15.14221	54.09194	44.63428	55.17083	44.70996	54.09194	28.86606	55.17083	16.93386
54.25861	55.21146	55.3375	15.1675	54.25861	44.63507	55.3375	44.68267	54.25861	28.88298	55.3375	16.93458
54.42528	55.21489	55.50417	15.19456	54.42528	44.63295	55.50417	44.6565	54.42528	28.89846	55.50417	16.93597
54.59194	55.21924	55.67083	15.22362	54.59194	44.62885	55.67083	44.63189	54.59194	28.91286	55.67083	16.9382
54.75861	55.22429	55.8375	15.25443	54.75861	44.62382	55.8375	44.60914	54.75861	28.92654	55.8375	16.94146
54.92528	55.23025	56.00417	15.28735	54.92528	44.61879	56.00417	44.58906	54.92528	28.9395	56.00417	16.94598
55.09194	55.23711	56.17083	15.32219	55.09194	44.61396	56.17083	44.57171	55.09194	28.95264	56.17083	16.95181
55.25861	55.24507	56.3375	15.35919	55.25861	44.61055	56.3375	44.5577	55.25861	28.9656	56.3375	16.95908
55.42528	55.25402	56.50417	15.39815	55.42528	44.60845	56.50417	44.54712	55.42528	28.97874	56.50417	16.96786
55.59194	55.26406	56.67083	15.43937	55.59194	44.6084	56.67083	44.54019	55.59194	28.99224	56.67083	16.97834
55.75861	55.27529	56.8375	15.4825	55.75861	44.61083	56.8375	44.53704	55.75861	29.00628	56.8375	16.99038
55.92528	55.28771	57.00417	15.5277	55.92528	44.61556	57.00417	44.53793	55.92528	29.02068	57.00417	17.00426
56.09194	55.30141	57.17083	15.57502	56.09194	44.6234	57.17083	44.54291	56.09194	29.0358	57.17083	17.01978
56.25861	55.3163	57.3375	15.62429	56.25861	44.63421	57.3375	44.55199	56.25861	29.05164	57.3375	17.03713
56.42528	55.33257	57.50417	15.67551	56.42528	44.64838	57.50417	44.56509	56.42528	29.06838	57.50417	17.05626
56.59194	55.35003	57.67083	15.72876	56.59194	44.6659	57.67083	44.58248	56.59194	29.08566	57.67083	17.07709
56.75861	55.36896	57.8375	15.78382	56.75861	44.68689	57.8375	44.60371	56.75861	29.1042	57.8375	17.09968
56.92528	55.38936	58.00417	15.84067	56.92528	44.71167	58.00417	44.62879	56.92528	29.12364	58.00417	17.12396
57.09194	55.41095	58.17083	15.89931	57.09194	44.74005	58.17083	44.6579	57.09194	29.14398	58.17083	17.14983
57.25861	55.4341	58.3375	15.95947	57.25861	44.77209	58.3375	44.69042	57.25861	29.1654	58.3375	17.1774
57.42528	55.45863	58.50417	16.02138	57.42528	44.80773	58.50417	44.72678	57.42528	29.18772	58.50417	17.20635
57.59194	55.48443	58.67083	16.08465	57.59194	44.84715	58.67083	44.76624	57.59194	29.2113	58.67083	17.23686
57.75861	55.51151	58.8375	16.14923	57.75861	44.89023	58.8375	44.80869	57.75861	29.23578	58.8375	17.26868
57.92528	55.54015	59.00417	16.2152	57.92528	44.93648	59.00417	44.85429	57.92528	29.26152	59.00417	17.30169
58.09194	55.56997	59.17083	16.28224	58.09194	44.98633	59.17083	44.90256	58.09194	29.28816	59.17083	17.336
58.25861	55.60124	59.3375	16.35033	58.25861	45.03934	59.3375	44.95337	58.25861	29.31588	59.3375	17.3715
58.42528	55.63389	59.50417	16.41939	58.42528	45.09527	59.50417	45.00641	58.42528	29.3445	59.50417	17.40791
58.59194	55.6676	59.67083	16.48925	58.59194	45.15436	59.67083	45.0615	58.59194	29.3742	59.67083	17.44522
58.75861	55.7023	59.8375	16.55978	58.75861	45.216	59.8375	45.11832	58.75861	29.4048	59.8375	17.48335
58.92528	55.73844	60.00417	16.63083	58.92528	45.28005	60.00417	45.17701	58.92528	29.43612	60.00417	17.52225
59.09194	55.77566	60.17083	16.70219	59.09194	45.34634	60.17083	45.2368	59.09194	29.46852	60.17083	17.56167
59.10861	55.7795	60.3375	16.77396	59.10861	45.3531	60.3375	45.29797	59.10861	29.47176	60.3375	17.60161
59.27528	55.75234	60.50417	16.84579	59.27528	54.08934	60.50417	45.36006	59.27528	33.45049	60.50417	17.64207
59.35861	57.86268	60.67083	16.9177	59.35861	54.66173	60.67083	45.42301	59.35861	36.35003	60.67083	17.68293
59.52528	59.40575	60.8375	16.98951	59.52528	54.76963	60.8375	45.4864	59.52528	36.47706	60.8375	17.72394
59.69194	59.93602	61.00417	17.06099	59.69194	54.88064	61.00417	45.55047	59.69194	36.57011	61.00417	17.76505
59.85861	60.4325	61.17083	17.13206	59.85861	54.99407	61.17083	45.61479	59.85861	36.66173	61.17083	17.8063
60.02528	60.9175	61.3375	17.20266	60.02528	55.10985	61.3375	45.67911	60.02528	36.75226	61.3375	17.84756
60.19194	61.39335	61.50417	17.27266	60.19194	55.22761	61.50417	45.74342	60.19194	36.84226	61.50417	17.88869
60.35861	61.8606	61.67083	17.34187	60.35861	55.34742	61.67083	45.80767	60.35861	36.93172	61.67083	17.92968
60.52528	62.3203	61.8375	17.41016	60.52528	55.46878	61.8375	45.87155	60.52528	37.02099	61.8375	17.97041
60.64194	62.63707	62.00417	17.47749	60.64194	55.55473	62.00417	45.93493	60.64194	37.08309	62.00417	18.0108
60.80861	62.87917	62.17083	17.54361	60.80861	53.75001	62.17083	45.99787	60.80861	35.84286	62.17083	18.05094
60.89194	62.88611	62.3375	17.60868	60.89194	51.66232	62.3375	46.06013	60.89194	35.30826	62.3375	18.09054
61.05861	62.93853	62.50417	17.67229	61.05861	50.41385	62.50417	46.12171	61.05861	34.3899	62.50417	18.1296
61.22528	62.9856	62.67083	17.73446	61.22528	49.37849	62.67083	46.18241	61.22528	33.64344	62.67083	18.16812
61.39194	63.02688	62.8375	17.79512	61.39194	48.55151	62.8375	46.24219	61.39194	33.07032	62.8375	18.2061
61.55861	63.0636	63.00417	17.85412	61.55861	47.93415	63.00417	46.30084	61.55861	32.65308	63.00417	18.24318
61.72528	63.09629	63.17083	17.91157	61.72528	47.50106	63.17083	46.35838	61.72528	32.3631	63.17083	18.27972
61.89194	63.12616	63.3375	17.96711	61.89194	47.21595	63.3375	46.41474	61.89194	32.1714	63.3375	18.31536
62.05861	63.15379	63.50417	18.02084	62.05861	47.04148	63.50417	46.46979	62.05861	32.05116	63.50417	18.35028
62.22528	63.17981	63.67083	18.07278	62.22528	46.94671	63.67083	46.52348	62.22528	31.9815	63.67083	18.38412
62.39194	63.2046	63.8375	18.1226	62.39194	46.90691	63.8375	46.5758	62.39194	31.94694	63.8375	18.41706
62.55861	63.22849	64.00417	18.17064	62.55861	46.90433	64.00417	46.62651	62.55861	31.93596	64.00417	18.44928
62.72528	63.25142	64.17083	18.21653	62.72528	46.92626	64.17083	46.67592	62.72528	31.94082	64.17083	18.48024
62.89194	63.27392	64.3375	18.26052	62.89194	46.96367	64.3375	46.72371	62.89194	31.95594	64.3375	18.5103
63.05861	63.29582	64.50417	18.30242	63.05861	47.01105	64.50417	46.76995	63.05861	31.97808	64.50417	18.53928
63.22528	63.31688	64.67083	18.34229	63.22528	47.0643	64.67083	46.81507	63.22528	32.00454	64.67083	18.56736
63.39194	63.33765	64.8375	18.38029	63.39194	47.12046	64.8375	46.85859	63.39194	32.03352	64.8375	18.59454
63.55861	63.35766	65.00417	18.41625	63.55861	47.17798	65.00417	46.90117	63.55861	32.06412	65.00417	18.62046
63.72528	63.37675	65.17083	18.45032	63.72528	47.23542	65.17083	46.94269	63.72528	32.0958	65.17083	18.64566
63.89194	63.39561	65.3375	18.48245	63.89194	47.2925	65.3375	46.98372	63.89194	32.12766	65.3375	18.66996
64.05861	63.41318	65.50417	18.51299	64.05861	47.34814	65.50417	47.02432	64.05861	32.15952	65.50417	18.69354
64.22528	63.43044	65.67083	18.54179	64.22528	47.40273	65.67083	47.06554	64.22528	32.19138	65.67083	18.71658
64.39194	63.4469	65.8375	18.56891	64.39194	47.4557	65.8375	47.10844	64.39194	32.2227	65.8375	18.73926
64.55861	63.46268	66.00417	18.59466	64.55861	47.50681	66.00417	47.15351	64.55861	32.25402	66.00417	18.76158
64.72528	63.47757	66.17083	18.61908	64.72528	47.55687	66.17083	47.20336	64.72528	32.28444	66.17083	18.78444
64.89194	63.49179	66.3375	18.64236	64.89194	47.60556	66.3375	47.26023	64.89194	32.31468	66.3375	18.80802
65.05861	63.50524	66.50417	18.6646	65.05861	47.65332	66.50417	47.3284	65.05861	32.34438	66.50417	18.8334
65.22528	63.51772	66.67083	18.68596	65.22528	47.70065	66.67083	47.41438	65.22528	32.37354	66.67083	18.86184
65.39194	63.52973	66.8375	18.70681	65.39194	47.74798	66.8375	47.52904	65.39194	32.40234	66.8375	18.8955
65.55861	63.54088	67.00417	18.72745	65.55861	47.79624	67.00417	47.68704	65.55861	32.43096	67.00417	18.93726
65.72528	63.55159	67.17083	18.74799	65.72528	47.84605	67.17083	47.89772	65.72528	32.45922	67.17083	18.99126
65.89194	63.56155	67.3375	18.76836	65.89194	47.89921	67.3375	48.14509	65.89194	32.48766	67.3375	19.05696
66.05861	63.5709	67.50417	18.78852	66.05861	47.95741	67.50417	48.40961	66.05861	32.51628	67.50417	19.13112
66.22528	63.57995	67.67083	18.80853	66.22528	48.02392	67.67083	48.68173	66.22528	32.54562	67.67083	19.20978
66.39194	63.58844	67.8375	18.82829	66.39194	48.10265	67.8375	48.95587	66.39194	32.57622	67.8375	19.29042
66.55861	63.59674	68.00417	18.84794	66.55861	48.201	68.00417	49.22734	66.55861	32.60862	68.00417	19.37178
66.72528	63.60495	68.17083	18.86751	66.72528	48.33026	68.17083	49.49353	66.72528	32.64444	68.17083	19.45224
66.89194	63.61361	68.3375	18.88706	66.89194	48.50701	68.3375	49.75276	66.89194	32.68584	68.3375	19.53144
67.05861	63.62232	68.50417	18.9064	67.05861	48.7465	68.50417	50.00392	67.05861	32.7357	68.50417	19.60866
67.22528	63.63162	68.67083	18.92573	67.22528	49.03357	68.67083	50.2464	67.22528	32.79546	68.67083	19.68372
67.39194	63.64036	68.8375	18.94485	67.39194	49.33061	68.8375	50.48014	67.39194	32.86314	68.8375	19.75644
67.55861	63.64893	69.00417	18.96406	67.55861	49.62465	69.00417	50.70531	67.55861	32.93478	69.00417	19.82682
67.72528	63.6574	69.17083	18.98311	67.72528	49.91303	69.17083	50.92168	67.72528	33.0084	69.17083	19.89504
67.89194	63.66584	69.3375	19.00199	67.89194	50.19376	69.3375	51.13011	67.89194	33.08238	69.3375	19.96074
68.05861	63.67408	69.50417	19.02091	68.05861	50.46587	69.50417	51.33072	68.05861	33.15564	69.50417	20.02428
68.22528	63.68215	69.67083	19.03974	68.22528	50.72923	69.67083	51.52383	68.22528	33.22782	69.67083	20.08584
68.39194	63.69064	69.8375	19.05858	68.39194	50.98328	69.8375	51.70993	68.39194	33.29856	69.8375	20.14524
68.55861	63.69869	70.00417	19.07714	68.55861	51.22877	70.00417	51.88953	68.55861	33.3675	70.00417	20.20284
68.72528	63.7069	70.17083	19.09571	68.72528	51.46551	70.17083	52.06298	68.72528	33.435	70.17083	20.25882
68.89194	63.71516	70.3375	19.11426	68.89194	51.69406	70.3375	52.2306	68.89194	33.5007	70.3375	20.313
69.05861	63.7232	70.50417	19.13264	69.05861	51.91498	70.50417	52.39307	69.05861	33.5646	70.50417	20.36574
69.22528	63.7313	70.67083	19.15096	69.22528	52.12839	70.67083	52.55027	69.22528	33.62706	70.67083	20.41686
69.39194	63.73957	70.8375	19.16923	69.39194	52.33486	70.8375	52.70283	69.39194	33.68826	70.8375	20.46672
69.55861	63.74772	71.00417	19.18745	69.55861	52.53475	71.00417	52.85122	69.55861	33.74766	71.00417	20.51532
69.72528	63.75585	71.17083	19.20552	69.72528	52.72855	71.17083	52.9954	69.72528	33.8058	71.17083	20.56266
69.89194	63.76395	71.3375	19.22359	69.89194	52.91653	71.3375	53.13574	69.89194	33.86268	71.3375	20.60892
70.05861	63.77223	71.50417	19.24144	70.05861	53.09905	71.50417	53.27266	70.05861	33.91848	71.50417	20.65428
70.22528	63.78059	71.67083	19.25934	70.22528	53.2766	71.67083	53.40648	70.22528	33.97284	71.67083	20.69856
70.39194	63.78864	71.8375	19.27705	70.39194	53.44919	71.8375	53.53683	70.39194	34.02648	71.8375	20.74212
70.55861	63.79696	72.00417	19.29474	70.55861	53.6175	72.00417	53.66477	70.55861	34.07904	72.00417	20.7846
70.72528	63.80508	72.17083	19.31244	70.72528	53.78128	72.17083	53.78972	70.72528	34.13052	72.17083	20.82654
70.89194	63.81327	72.3375	19.32991	70.89194	53.94146	72.3375	53.9125	70.89194	34.18128	72.3375	20.86758
70.90861	63.81423	72.50417	19.3474	70.90861	53.95727	72.50417	54.03275	70.90861	34.18632	72.50417	20.90808
71.07528	63.76607	72.67083	19.3647	71.07528	64.04289	72.67083	54.15094	71.07528	38.40571	72.67083	20.94786
71.15861	65.27483	72.8375	19.38198	71.15861	64.78866	72.8375	54.2669	71.15861	40.39977	72.8375	20.9871
71.32528	66.08571	73.00417	19.39919	71.32528	65.03424	73.00417	54.38125	71.32528	40.48995	73.00417	21.0258
71.49194	66.1966	73.17083	19.41632	71.49194	65.27915	73.17083	54.49387	71.49194	40.57743	73.17083	21.06378
71.65861	66.29839	73.3375	19.43335	71.65861	65.52282	73.3375	54.60462	71.65861	40.66455	73.3375	21.1014
71.82528	66.40029	73.50417	19.4502	71.82528	65.76649	73.50417	54.71401	71.82528	40.75203	73.50417	21.13866
71.99194	66.50251	73.67083	19.46718	71.99194	66.00891	73.67083	54.82185	71.99194	40.83933	73.67083	21.17538
72.15861	66.60424	73.8375	19.48397	72.15861	66.25134	73.8375	54.92857	72.15861	40.92645	73.8375	21.21174
72.32528	66.70505	74.00417	19.50068	72.32528	66.49315	74.00417	55.03393	72.32528	41.01393	74.00417	21.24774
72.49194	66.80542	74.17083	19.51734	72.49194	66.73496	74.17083	55.13792	72.49194	41.10123	74.17083	21.28338
72.65861	66.90496	74.3375	19.53392	72.65861	66.97614	74.3375	55.24104	72.65861	41.18871	74.3375	21.31866
72.82528	67.00396	74.50417	19.55042	72.82528	67.21671	74.50417	55.34299	72.82528	41.27601	74.50417	21.35376
72.84194	67.01372	74.67083	19.56689	72.84194	67.24089	74.67083	55.44407	72.84194	41.28465	74.67083	21.38832
73.00861	67.19264	74.8375	19.58317	73.00861	64.92688	74.8375	55.54422	73.00861	40.12002	74.8375	21.42288
73.09194	67.1842	75.00417	19.59947	73.09194	62.39413	75.00417	55.6435	73.09194	39.55374	75.00417	21.4569
73.25861	67.21613	75.17083	19.61564	73.25861	61.04621	75.17083	55.74209	73.25861	38.58444	75.17083	21.49074
73.42528	67.24099	75.3375	19.63184	73.42528	59.97712	75.3375	55.83976	73.42528	37.82394	75.3375	21.5244
73.59194	67.259	75.50417	19.64778	73.59194	59.16702	75.50417	55.93699	73.59194	37.26324	75.50417	21.55806
73.75861	67.27197	75.67083	19.66386	73.75861	58.60143	75.67083	56.0333	73.75861	36.873	75.67083	21.59118
73.92528	67.28091	75.8375	19.6797	73.92528	58.23789	75.8375	56.12898	73.92528	36.61524	75.8375	21.6243
74.09194	67.28707	76.00417	19.69558	74.09194	58.02771	76.00417	56.22417	74.09194	36.4545	76.00417	21.65706
74.25861	67.29155	76.17083	19.71142	74.25861	57.92723	76.17083	56.31867	74.25861	36.3618	76.17083	21.68982
74.42528	67.29432	76.3375	19.727	74.42528	57.90196	76.3375	56.41274	74.42528	36.31518	76.3375	21.7224
74.59194	67.29678	76.50417	19.74272	74.59194	57.92715	76.50417	56.50638	74.59194	36.29916	76.50417	21.75462
74.75861	67.29838	76.67083	19.75831	74.75861	57.98515	76.67083	56.59958	74.75861	36.30312	76.67083	21.78684
74.92528	67.2998	76.8375	19.77376	74.92528	58.0642	76.8375	56.69228	74.92528	36.3204	76.8375	21.81888
75.09194	67.30087	77.00417	19.78916	75.09194	58.15668	77.00417	56.7843	75.09194	36.34578	77.00417	21.85092
75.25861	67.30227	77.17083	19.80446	75.25861	58.25733	77.17083	56.86998	75.25861	36.37638	77.17083	21.88206
75.42528	67.30318	77.3375	19.81972	75.42528	58.36287	77.3375	56.93653	75.42528	36.41076	77.3375	21.90996
75.59194	67.3044	77.50417	19.83514	75.59194	58.47138	77.50417	56.98155	75.59194	36.44694	77.50417	21.93156
75.75861	67.30548	77.67083	19.85116	75.75861	58.581	77.67083	57.00814	75.75861	36.48438	77.67083	21.9483
75.92528	67.30683	77.8375	19.86763	75.92528	58.6913	77.8375	57.01819	75.92528	36.52236	77.8375	21.96054
76.09194	67.30786	78.00417	19.88512	76.09194	58.8016	78.00417	57.01497	76.09194	36.56088	78.00417	21.96954
76.25861	67.30917	78.17083	19.90362	76.25861	58.91171	78.17083	57.00252	76.25861	36.59958	78.17083	21.97584
76.42528	67.31028	78.3375	19.92327	76.42528	59.02132	78.3375	56.98357	76.42528	36.63828	78.3375	21.9798
76.59194	67.31196	78.50417	19.94438	76.59194	59.13025	78.50417	56.95935	76.59194	36.67716	78.50417	21.9825
76.75861	67.31334	78.67083	19.96683	76.75861	59.23825	78.67083	56.9316	76.75861	36.71568	78.67083	21.98412
76.92528	67.31492	78.8375	19.99076	76.92528	59.34606	78.8375	56.90181	76.92528	36.7542	78.8375	21.9852
77.09194	67.31664	79.00417	20.01639	77.09194	59.44983	79.00417	56.87085	77.09194	36.79236	79.00417	21.98628
77.25861	67.31792	79.17083	20.04369	77.25861	59.53324	79.17083	56.83952	77.25861	36.82854	79.17083	21.98754
77.42528	67.31924	79.3375	20.07286	77.42528	59.58865	79.3375	56.80881	77.42528	36.86022	79.3375	21.98916
77.59194	67.32097	79.50417	20.10384	77.59194	59.62327	79.50417	56.77922	77.59194	36.88686	79.50417	21.9915
77.75861	67.32327	79.67083	20.13663	77.75861	59.64214	79.67083	56.75125	77.75861	36.91044	79.67083	21.99474
77.92528	67.32631	79.8375	20.17153	77.92528	59.64836	79.8375	56.72551	77.92528	36.93114	79.8375	21.99906
78.09194	67.33006	80.00417	20.20853	78.09194	59.64689	80.00417	56.70208	78.09194	36.94986	80.00417	22.00464
78.25861	67.33453	80.17083	20.24744	78.25861	59.64134	80.17083	56.6818	78.25861	36.96714	80.17083	22.0113
78.42528	67.34029	80.3375	20.28847	78.42528	59.63226	80.3375	56.6642	78.42528	36.9828	80.3375	22.0194
78.59194	67.34704	80.50417	20.3317	78.59194	59.62225	80.50417	56.65019	78.59194	36.99774	80.50417	22.02894
78.75861	67.355	80.67083	20.37705	78.75861	59.61088	80.67083	56.6396	78.75861	37.01214	80.67083	22.0401
78.92528	67.36385	80.8375	20.42429	78.92528	59.59994	80.8375	56.63266	78.92528	37.02636	80.8375	22.05288
79.09194	67.37429	81.00417	20.47386	79.09194	59.58951	81.00417	56.62952	79.09194	37.0404	81.00417	22.06728
79.25861	67.38571	81.17083	20.52539	79.25861	59.58039	81.17083	56.62997	79.25861	37.05462	81.17083	22.08312
79.42528	67.39862	81.3375	20.57899	79.42528	59.57312	81.3375	56.63451	79.42528	37.0692	81.3375	22.10094
79.59194	67.4133	81.50417	20.63463	79.59194	59.56766	81.50417	56.64284	79.59194	37.08414	81.50417	22.12002
79.75861	67.42936	81.67083	20.6922	79.75861	59.56487	81.67083	56.65483	79.75861	37.09962	81.67083	22.14108
79.92528	67.44671	81.8375	20.75175	79.92528	59.56438	81.8375	56.67066	79.92528	37.11564	81.8375	22.16376
80.09194	67.46573	82.00417	20.81298	80.09194	59.56656	82.00417	56.69028	80.09194	37.13238	82.00417	22.18788
80.25861	67.48652	82.17083	20.87607	80.25861	59.5724	82.17083	56.71331	80.25861	37.14984	82.17083	22.21344
80.42528	67.50879	82.3375	20.94091	80.42528	59.58092	82.3375	56.73975	80.42528	37.1682	82.3375	22.2408
80.59194	67.53282	82.50417	21.00725	80.59194	59.59303	82.50417	56.76936	80.59194	37.18764	82.50417	22.26924
80.75861	67.55862	82.67083	21.07524	80.75861	59.60837	82.67083	56.80206	80.75861	37.2078	82.67083	22.2993
80.92528	67.586	82.8375	21.14456	80.92528	59.62774	82.8375	56.83775	80.92528	37.22868	82.8375	22.33044
81.09194	67.61495	83.00417	21.2153	81.09194	59.65022	83.00417	56.87591	81.09194	37.251	83.00417	22.36284
81.25861	67.64585	83.17083	21.28712	81.25861	59.67636	83.17083	56.91674	81.25861	37.27404	83.17083	22.3965
81.42528	67.67852	83.3375	21.36007	81.42528	59.70617	83.3375	56.95986	81.42528	37.29816	83.3375	22.43124
81.59194	67.71286	83.50417	21.43402	81.59194	59.73951	83.50417	57.00503	81.59194	37.32354	83.50417	22.4667
81.75861	67.74886	83.67083	21.50881	81.75861	59.77601	83.67083	57.05218	81.75861	37.34982	83.67083	22.50324
81.92528	67.78633	83.8375	21.58431	81.92528	59.81618	83.8375	57.10094	81.92528	37.37718	83.8375	22.5405
82.09194	67.82574	84.00417	21.66039	82.09194	59.85951	84.00417	57.15101	82.09194	37.40562	84.00417	22.5783
82.25861	67.86644	84.17083	21.73691	82.25861	59.90551	84.17083	57.2025	82.25861	37.43496	84.17083	22.617
82.42528	67.90879	84.3375	21.81384	82.42528	59.95511	84.3375	57.25529	82.42528	37.4652	84.3375	22.65606
82.59194	67.9526	84.50417	21.89101	82.59194	60.00701	84.50417	57.30876	82.59194	37.49652	84.50417	22.69548
82.75861	67.99797	84.67083	21.96822	82.75861	60.06157	84.67083	57.36292	82.75861	37.52874	84.67083	22.73526
82.92528	68.0447	84.8375	22.04535	82.92528	60.11886	84.8375	57.41775	82.92528	37.56186	84.8375	22.7754
83.09194	68.09259	85.00417	22.12215	83.09194	60.17796	85.00417	57.47308	83.09194	37.5957	85.00417	22.81572
83.10861	68.0975	85.17083	22.19882	83.10861	60.18385	85.17083	57.52859	83.10861	37.59912	85.17083	22.85604
83.27528	68.07868	85.3375	22.27493	83.27528	69.53067	85.3375	57.58429	83.27528	41.99599	85.3375	22.89654
83.35861	70.5084	85.50417	22.35045	83.35861	70.1255	85.50417	57.6398	83.35861	44.55563	85.50417	22.93686
83.52528	71.83633	85.67083	22.42532	83.52528	70.24527	85.67083	57.69555	83.52528	44.65102	85.67083	22.977
83.69194	72.35211	85.8375	22.49934	83.69194	70.36744	85.8375	57.75081	83.69194	44.74029	85.8375	23.01714
83.85861	72.85602	86.00417	22.57239	83.85861	70.49148	86.00417	57.80588	83.85861	44.82903	86.00417	23.05692
84.02528	73.35361	86.17083	22.64435	84.02528	70.61676	86.17083	57.86045	84.02528	44.91795	86.17083	23.09652
84.19194	73.84505	86.3375	22.7152	84.19194	70.74389	86.3375	57.9144	84.19194	45.00615	86.3375	23.13558
84.35861	74.33043	86.50417	22.78477	84.35861	70.87289	86.50417	57.96785	84.35861	45.09471	86.50417	23.17428
84.52528	74.80953	86.67083	22.85286	84.52528	71.0025	86.67083	58.02062	84.52528	45.18291	86.67083	23.21244
84.64194	75.14064	86.8375	22.91953	84.64194	71.09429	86.8375	58.07251	84.64194	45.24447	86.8375	23.25006
84.80861	75.43483	87.00417	22.98455	84.80861	68.75593	87.00417	58.12373	84.80861	44.0001	87.00417	23.28714
84.89194	75.44106	87.17083	23.0479	84.89194	66.15202	87.17083	58.17376	84.89194	43.38126	87.17083	23.3235
85.05861	75.50434	87.3375	23.10963	85.05861	64.74389	87.3375	58.22292	85.05861	42.32682	87.3375	23.35914
85.22528	75.55976	87.50417	23.16933	85.22528	63.63913	87.50417	58.27121	85.22528	41.51574	87.50417	23.39424
85.39194	75.60788	87.67083	23.22742	85.39194	62.81412	87.67083	58.31814	85.39194	40.93326	87.67083	23.42826
85.55861	75.65054	87.8375	23.28346	85.55861	62.24288	87.8375	58.36413	85.55861	40.53906	87.8375	23.46174
85.72528	75.6885	88.00417	23.3375	85.72528	61.87504	88.00417	58.40901	85.72528	40.28652	88.00417	23.49414
85.89194	75.72362	88.17083	23.38963	85.89194	61.65532	88.17083	58.45252	85.89194	40.13442	88.17083	23.52582
86.05861	75.75648	88.3375	23.43965	86.05861	61.53743	88.3375	58.4951	86.05861	40.04982	88.3375	23.5566
86.22528	75.78817	88.50417	23.48776	86.22528	61.48707	88.50417	58.53637	86.22528	40.0095	88.50417	23.58666
86.39194	75.81888	88.67083	23.53383	86.39194	61.47991	88.67083	58.57697	86.39194	39.99798	88.67083	23.61582
86.55861	75.84836	88.8375	23.57796	86.55861	61.49987	88.8375	58.61644	86.55861	40.00446	88.8375	23.6439
86.72528	75.87756	89.00417	23.62008	86.72528	61.5364	89.00417	58.65542	86.72528	40.02228	89.00417	23.67126
86.89194	75.90624	89.17083	23.66019	86.89194	61.58284	89.17083	58.69397	86.89194	40.04712	89.17083	23.69772
87.05861	75.9341	89.3375	23.69853	87.05861	61.63472	89.3375	58.73233	87.05861	40.07646	89.3375	23.72364
87.22528	75.96146	89.50417	23.73504	87.22528	61.68926	89.50417	58.77131	87.22528	40.10814	89.50417	23.74902
87.39194	75.98836	89.67083	23.76983	87.39194	61.74429	89.67083	58.81165	87.39194	40.14144	89.67083	23.77386
87.55861	76.01444	89.8375	23.80291	87.55861	61.79974	89.8375	58.85405	87.55861	40.17528	89.8375	23.79852
87.72528	76.03961	90.00417	23.83462	87.72528	61.85427	90.00417	58.90005	87.72528	40.2093	90.00417	23.82336
87.89194	76.06399	90.17083	23.86486	87.89194	61.90748	90.17083	58.95151	87.89194	40.24332	90.17083	23.84856
88.05861	76.08795	90.3375	23.89371	88.05861	61.95933	90.3375	59.01148	88.05861	40.27716	90.3375	23.87502
88.22528	76.11054	90.50417	23.92162	88.22528	62.00982	90.50417	59.08461	88.22528	40.31064	90.50417	23.90346
88.39194	76.13293	90.67083	23.94869	88.39194	62.05831	90.67083	59.17786	88.39194	40.34376	90.67083	23.93514
88.55861	76.15395	90.8375	23.97515	88.55861	62.10601	90.8375	59.30246	88.55861	40.37634	90.8375	23.97258
88.72528	76.17458	91.00417	24.00138	88.72528	62.15245	91.00417	59.47356	88.72528	40.40856	91.00417	24.0183
88.89194	76.19385	91.17083	24.02748	88.89194	62.19828	91.17083	59.6971	88.89194	40.44024	91.17083	24.07626
89.05861	76.21264	91.3375	24.05334	89.05861	62.24287	91.3375	59.95398	89.05861	40.47174	91.3375	24.14538
89.22528	76.22999	91.50417	24.07885	89.22528	62.28746	91.50417	60.22434	89.22528	40.5027	91.50417	24.22188
89.39194	76.24687	91.67083	24.10402	89.39194	62.33267	91.67083	60.49877	89.39194	40.5333	91.67083	24.30198
89.55861	76.26308	91.8375	24.12917	89.55861	62.37912	91.8375	60.77181	89.55861	40.56372	91.8375	24.3837
89.72528	76.27817	92.00417	24.15396	89.72528	62.42744	92.00417	61.03988	89.72528	40.59378	92.00417	24.46488
89.89194	76.29272	92.17083	24.17873	89.89194	62.4801	92.17083	61.30118	89.89194	40.6242	92.17083	24.54498
90.05861	76.30637	92.3375	24.20326	90.05861	62.53896	92.3375	61.55385	90.05861	40.65516	92.3375	24.62328
90.22528	76.31982	92.50417	24.22757	90.22528	62.60714	92.50417	61.79709	90.22528	40.68648	92.50417	24.69942
90.39194	76.33224	92.67083	24.2519	90.39194	62.68836	92.67083	62.03108	90.39194	40.7196	92.67083	24.77304
90.55861	76.34487	92.8375	24.27603	90.55861	62.7913	92.8375	62.2562	90.55861	40.7547	92.8375	24.84432
90.72528	76.35734	93.00417	24.29987	90.72528	62.92713	93.00417	62.47264	90.72528	40.7934	93.00417	24.91326
90.89194	76.3697	93.17083	24.32379	90.89194	63.11263	93.17083	62.67978	90.89194	40.83768	93.17083	24.97986
91.05861	76.38241	93.3375	24.34745	91.05861	63.36144	93.3375	62.87885	91.05861	40.8906	93.3375	25.04394
91.22528	76.3954	93.50417	24.37095	91.22528	63.65616	93.50417	63.06986	91.22528	40.95324	93.50417	25.10604
91.39194	76.40813	93.67083	24.39438	91.39194	63.95767	93.67083	63.25405	91.39194	41.02254	93.67083	25.16598
91.55861	76.42059	93.8375	24.4177	91.55861	64.25482	93.8375	63.43141	91.55861	41.09562	93.8375	25.22412
91.72528	76.43297	94.00417	24.44082	91.72528	64.54451	94.00417	63.60257	91.72528	41.16978	94.00417	25.28046
91.89194	76.44485	94.17083	24.46387	91.89194	64.82489	94.17083	63.76753	91.89194	41.24376	94.17083	25.335
92.05861	76.4571	94.3375	24.48677	92.05861	65.09596	94.3375	63.92691	92.05861	41.31684	94.3375	25.3881
92.22528	76.46909	94.44472	24.50143	92.22528	65.35771	94.44472	64.02675	92.22528	41.3883	94.44472	25.4214
92.39194	76.48112	94.61139	24.5241	92.39194	65.60954	94.61139	64.17745	92.39194	41.45814	94.61139	25.47216
92.55861	76.4927	94.77806	24.54669	92.55861	65.85268	94.77806	64.32442	92.55861	41.52654	94.77806	25.52148
92.72528	76.50473	94.94472	24.56906	92.72528	66.08652	94.94472	64.46643	92.72528	41.59332	94.94472	25.56972
92.89194	76.51661	95.11139	24.59136	92.89194	66.3129	95.11139	64.60534	92.89194	41.6583	95.11139	25.6167
93.05861	76.52837	95.27806	24.61355	93.05861	66.5306	95.27806	64.73991	93.05861	41.72166	95.27806	25.66278
93.22528	76.54008	95.44472	24.63551	93.22528	66.74148	95.44472	64.872	93.22528	41.78358	95.44472	25.70778
93.39194	76.55167	95.61139	24.65746	93.39194	66.94491	95.61139	64.99975	93.39194	41.84406	95.61139	25.75188
93.55861	76.56343	95.77806	24.67922	93.55861	67.14214	95.77806	65.12502	93.55861	41.90292	95.77806	25.79526
93.72528	76.57506	95.94472	24.70091	93.72528	67.33316	95.94472	65.2478	93.72528	41.96088	95.94472	25.83756
93.89194	76.58686	96.00028	24.70811	93.89194	67.5186	96.00028	65.28811	93.89194	42.0174	96.00028	25.8516
94.05861	76.59824	*	*	94.05861	67.69845	*	*	94.05861	42.07302	*	*
94.22528	76.61009	*	*	94.22528	67.87272	*	*	94.22528	42.1272	*	*
94.39194	76.62153	*	*	94.39194	68.04326	*	*	94.39194	42.18066	*	*
94.44472	76.62518	*	*	94.44472	68.09598	*	*	94.44472	42.1974	*	*
94.61139	76.63688	*	*	94.61139	68.26032	*	*	94.61139	42.24978	*	*
94.77806	76.64838	*	*	94.77806	68.42032	*	*	94.77806	42.30108	*	*
94.94472	76.65986	*	*	94.94472	68.57659	*	*	94.94472	42.35166	*	*
95.11139	76.67151	*	*	95.11139	68.72914	*	*	95.11139	42.40134	*	*
95.27806	76.68295	*	*	95.27806	68.87797	*	*	95.27806	42.45048	*	*
95.44472	76.69458	*	*	95.44472	69.0237	*	*	95.44472	42.4989	*	*
95.61139	76.70619	*	*	95.61139	69.16695	*	*	95.61139	42.5466	*	*
95.77806	76.7174	*	*	95.77806	69.30709	*	*	95.77806	42.59376	*	*
95.94472	76.7288	*	*	95.94472	69.44475	*	*	95.94472	42.64038	*	*
96.00028	76.73259	*	*	96.00028	69.4894	*	*	96.00028	42.65568	*	*
