TIME	Aqua: HSO3m + aH2O2 + Hp -> SO4mm + Hp + [aH2O]	Aqua: SO3mm + aO3 -> SO4mm + aO2	Aqua: HSO5m + HSO3m + Hp -> SO4mm + Hp	Aqua: aHNO4 + HSO3m -> HSO4m + Hp + NO3m	Gas: HSO3 -> HO2 + SULF	other sources	other sinks
24.0278	8.80029E-13	3.19997E-13	2.30854E-13	5.70503E-14	5.05078E-16	1.2439E-13	-1.04946E-14
24.1944	7.54594E-13	3.44863E-13	2.35336E-13	5.65092E-14	5.13439E-16	1.27542E-13	-1.04546E-14
24.3611	7.07443E-13	3.69198E-13	2.40665E-13	5.60386E-14	5.21119E-16	1.31056E-13	-1.04146E-14
24.5278	6.90647E-13	3.9207E-13	2.46209E-13	5.56613E-14	5.28267E-16	1.34481E-13	-1.03772E-14
24.6944	6.85364E-13	4.13218E-13	2.51671E-13	5.53722E-14	5.35017E-16	1.37674E-13	-1.03433E-14
24.8611	6.8432E-13	4.32624E-13	2.56906E-13	5.51633E-14	5.41465E-16	1.406E-13	-1.03147E-14
24.9444	6.8444E-13	4.41688E-13	2.59414E-13	5.50847E-14	5.44598E-16	1.41963E-13	-1.03012E-14
25.1111	7.75787E-16	1.14203E-19	0	0	1.1956E-15	8.57917E-15	-2.82485E-15
25.1944	4.57407E-16	7.26656E-20	3.02496E-21	0	1.33505E-15	9.15318E-15	-8.78283E-15
25.3611	5.86861E-16	3.92016E-20	1.25004E-21	0	1.39085E-15	1.07759E-14	-1.058E-14
25.5278	7.22387E-16	2.45623E-20	1.21429E-21	0	1.44045E-15	1.14039E-14	-1.12115E-14
25.6944	8.61801E-16	0	0	2.21508E-17	1.48883E-15	1.18809E-14	-1.15777E-14
25.8611	9.2257E-16	0	0	1.98712E-17	1.53615E-15	1.24098E-14	-1.20444E-14
26.0278	1.15606E-15	0	0	1.83266E-17	1.58243E-15	1.25751E-14	-1.21988E-14
26.1944	1.31003E-15	9.17822E-21	1.2331E-21	1.72803E-17	1.62766E-15	1.28168E-14	-1.24018E-14
26.3611	1.46897E-15	8.16724E-21	1.24877E-21	1.66767E-17	1.67186E-15	1.30017E-14	-1.25488E-14
26.5278	1.63299E-15	0	0	1.61376E-17	1.71507E-15	1.3139E-14	-1.26498E-14
26.6944	1.80209E-15	7.39223E-21	1.47845E-21	1.58859E-17	1.75736E-15	1.32372E-14	-1.27134E-14
26.8611	1.97632E-15	6.75886E-21	1.31843E-21	1.59571E-17	1.79881E-15	1.33032E-14	-1.27468E-14
27.0278	2.1558E-15	0	0	1.57866E-17	1.83947E-15	1.33425E-14	-1.27564E-14
27.1944	2.34182E-15	0	0	1.58816E-17	1.87942E-15	1.33537E-14	-1.27477E-14
27.3611	2.52904E-15	0	0	1.60463E-17	1.91869E-15	1.33657E-14	-1.27261E-14
27.5278	2.72295E-15	6.50474E-21	1.41893E-21	1.62665E-17	1.95733E-15	1.33558E-14	-1.26926E-14
27.6944	2.92149E-15	6.98551E-21	0	1.65316E-17	1.99537E-15	1.33358E-14	-1.26509E-14
27.8611	3.12453E-15	4.49486E-21	0	1.68336E-17	2.03283E-15	1.3308E-14	-1.2603E-14
28.0278	3.33198E-15	0	0	1.71638E-17	2.06975E-15	1.32742E-14	-1.25504E-14
28.1944	3.5436E-15	6.88601E-21	1.54686E-21	1.75185E-17	2.10613E-15	1.32355E-14	-1.24949E-14
28.3611	3.75936E-15	7.04085E-21	1.56277E-21	1.7893E-17	2.14199E-15	1.31933E-14	-1.24369E-14
28.5278	3.97912E-15	7.19795E-21	1.59577E-21	1.82924E-17	2.17735E-15	1.31485E-14	-1.23774E-14
28.6944	4.20274E-15	7.48124E-21	1.70028E-21	1.8692E-17	2.21222E-15	1.31017E-14	-1.23168E-14
28.8611	4.43012E-15	7.7491E-21	1.45296E-21	1.91109E-17	2.2466E-15	1.30533E-14	-1.22557E-14
29.0278	4.66047E-15	7.78378E-21	1.66795E-21	1.96231E-17	2.28729E-15	1.19778E-14	-1.11359E-14
29.1944	4.90469E-15	7.94028E-21	1.30144E-21	2.40934E-17	2.64875E-15	9.88268E-15	-7.72626E-15
29.3611	5.24274E-15	8.20432E-21	1.13163E-21	3.84593E-17	3.9497E-15	1.26078E-14	-5.43405E-15
29.5278	5.70662E-15	8.48429E-21	9.42699E-22	5.01665E-17	5.88738E-15	1.77474E-14	-4.14046E-15
29.6944	6.21787E-15	8.78728E-21	1.09841E-21	0	8.09941E-15	2.01147E-14	0
29.8611	6.72698E-15	0	0	6.56497E-17	1.08429E-14	1.88696E-14	-2.84974E-15
30.0278	7.24149E-15	9.17041E-21	1.31006E-21	7.51127E-17	1.41798E-14	1.61669E-14	-2.51076E-15
30.1944	7.78777E-15	9.64734E-21	1.26661E-21	8.5589E-17	1.80646E-14	1.35155E-14	-2.27209E-15
30.3611	8.38315E-15	9.92116E-21	1.40339E-21	9.69363E-17	2.24587E-14	1.1306E-14	-2.09722E-15
30.5278	9.03611E-15	0	0	1.08803E-16	2.73367E-14	9.52291E-15	-1.96534E-15
30.6944	9.75138E-15	8.3539E-21	0	1.21414E-16	3.26795E-14	8.08739E-15	-1.86438E-15
30.8611	1.05327E-14	0	0	1.34704E-16	3.84688E-14	6.93007E-15	-1.78633E-15
31.0278	1.13835E-14	1.10541E-20	2.12843E-21	1.48658E-16	4.46849E-14	5.99574E-15	-1.72569E-15
31.1944	0	0	0	0	5.13045E-14	2.18372E-16	-7.62538E-16
31.3611	1.33072E-14	1.16213E-20	2.58644E-21	1.78102E-16	5.83006E-14	4.63031E-15	-1.64337E-15
31.5278	1.43867E-14	1.18935E-20	2.85445E-21	1.93593E-16	6.56426E-14	4.13681E-15	-1.61662E-15
31.6944	1.55489E-14	1.21779E-20	3.12548E-21	2.0956E-16	7.32961E-14	3.73812E-15	-1.5972E-15
31.8611	1.67967E-14	1.24598E-20	3.48141E-21	2.25862E-16	8.12235E-14	3.41649E-15	-1.584E-15
32.0278	1.81329E-14	1.24906E-20	3.56873E-21	2.42455E-16	8.93841E-14	3.15764E-15	-1.57604E-15
32.1944	1.956E-14	1.30069E-20	4.0535E-21	2.59259E-16	9.77348E-14	2.95006E-15	-1.57253E-15
32.3611	2.10802E-14	1.32769E-20	4.39412E-21	2.65699E-16	1.0623E-13	2.78444E-15	-1.57197E-15
32.5278	2.26957E-14	1.34077E-20	4.73214E-21	2.93189E-16	1.14823E-13	2.65323E-15	-1.5765E-15
32.6944	2.44079E-14	1.39836E-20	5.17911E-21	3.10147E-16	1.23466E-13	2.55026E-15	-1.58301E-15
32.8611	2.62184E-14	0	0	3.26994E-16	1.3211E-13	2.45552E-15	-1.59222E-15
33.0278	2.81278E-14	1.43886E-20	5.90689E-21	3.43652E-16	1.40705E-13	2.40996E-15	-1.60318E-15
33.1944	3.01368E-14	1.4667E-20	6.28585E-21	3.60034E-16	1.49204E-13	2.36518E-15	-1.61623E-15
33.3611	3.22452E-14	1.47149E-20	6.86697E-21	3.76078E-16	1.57559E-13	2.33343E-15	-1.63091E-15
33.5278	3.44525E-14	1.52283E-20	7.19419E-21	3.91713E-16	1.65725E-13	2.31244E-15	-1.647E-15
33.6944	3.67578E-14	1.54862E-20	7.64607E-21	4.06876E-16	1.73658E-13	2.30035E-15	-1.66431E-15
33.8611	3.91593E-14	1.5972E-20	7.98602E-21	4.21512E-16	1.81317E-13	2.29561E-15	-1.68263E-15
34.0278	4.16549E-14	1.60847E-20	8.61058E-21	4.35557E-16	1.88662E-13	2.29694E-15	-1.70183E-15
34.1944	4.42416E-14	1.61783E-20	9.24476E-21	4.49004E-16	1.95659E-13	2.30327E-15	-1.72171E-15
34.3611	4.69161E-14	1.66566E-20	9.55303E-21	4.6178E-16	2.02276E-13	2.31371E-15	-1.74215E-15
34.5278	4.96743E-14	1.69268E-20	1.0094E-20	4.73906E-16	2.08483E-13	2.3275E-15	-1.76306E-15
34.6944	5.25113E-14	1.72051E-20	1.05962E-20	4.85247E-16	2.14255E-13	2.34403E-15	-1.78418E-15
34.8611	5.54219E-14	1.75531E-20	1.11073E-20	4.95899E-16	2.19569E-13	2.36274E-15	-1.8055E-15
35.0278	5.84E-14	1.78023E-20	1.1626E-20	5.05807E-16	2.24406E-13	2.38319E-15	-1.82688E-15
35.0833	5.96086E-14	1.77517E-20	1.16787E-20	5.09564E-16	2.26204E-13	2.39175E-15	-1.83541E-15
35.25	3.82941E-13	0	0	0	1.9204E-13	2.2275E-16	-8.56952E-16
35.3333	2.00156E-12	3.14023E-12	3.95657E-13	2.53688E-13	2.75814E-14	5.50034E-12	-1.17911E-15
35.5	5.85109E-12	2.77752E-12	3.26189E-14	2.82132E-13	1.89112E-14	7.20365E-13	-2.09754E-15
35.6667	8.97546E-12	6.21022E-13	1.00119E-14	3.34582E-13	1.80067E-14	3.1027E-13	-2.25183E-15
35.8333	6.71289E-12	2.80892E-13	5.20416E-15	3.71143E-13	1.75715E-14	2.12508E-13	-2.34071E-15
36	6.04836E-12	1.56634E-13	3.32104E-15	3.99699E-13	1.71405E-14	1.64715E-13	-2.40585E-15
36.1667	5.81536E-12	9.57721E-14	2.32541E-15	4.22892E-13	1.66456E-14	1.34358E-13	-2.46793E-15
36.3333	5.70001E-12	6.23975E-14	1.72516E-15	4.4105E-13	1.60869E-14	1.13201E-13	-2.52675E-15
36.5	5.61317E-12	4.28199E-14	1.33193E-15	4.54261E-13	1.54769E-14	9.77419E-14	-2.58293E-15
36.6389	5.55464E-12	3.37793E-14	1.13101E-15	4.60719E-13	1.50265E-14	8.92202E-14	-2.62312E-15
36.8056	8.89957E-15	7.33984E-20	5.77735E-21	1.10339E-15	8.43571E-14	3.5657E-15	-9.19492E-16
36.8889	5.45781E-15	4.64755E-20	2.93982E-21	0	9.91632E-14	3.4142E-15	0
37.0556	7.28912E-15	2.7567E-20	2.97422E-21	4.69296E-16	1.00452E-13	3.9062E-15	-1.73539E-15
37.2222	9.14652E-15	1.85077E-20	3.11556E-21	3.98779E-16	1.01978E-13	4.20964E-15	-1.96664E-15
37.3889	1.10295E-14	1.37315E-20	3.24175E-21	6.46911E-16	1.03086E-13	4.36119E-15	-1.93865E-15
37.5556	1.29341E-14	1.09718E-20	3.37594E-21	2.4942E-16	1.03779E-13	4.3904E-15	-2.18608E-15
37.7222	1.48567E-14	0	0	2.72497E-16	1.0408E-13	4.33027E-15	-2.25328E-15
37.8889	1.67941E-14	8.25823E-21	3.67962E-21	2.55994E-16	1.04005E-13	4.21487E-15	-2.3392E-15
38.0556	1.87411E-14	0	0	2.43262E-16	1.03563E-13	4.07342E-15	-2.41193E-15
38.2222	2.06928E-14	0	0	2.34677E-16	1.02766E-13	3.92702E-15	-2.47314E-15
38.3889	2.26424E-14	6.97699E-21	4.15987E-21	2.28439E-16	1.0162E-13	3.7906E-15	-2.52489E-15
38.5556	2.45832E-14	6.86808E-21	4.33477E-21	2.24119E-16	1.00135E-13	3.67034E-15	-2.56872E-15
38.7222	2.65088E-14	0	0	2.2075E-16	9.83188E-14	3.5651E-15	-2.60594E-15
38.8889	2.84096E-14	6.89826E-21	4.67302E-21	2.18242E-16	9.6181E-14	3.48738E-15	-2.63873E-15
39.0556	3.02809E-14	6.98779E-21	4.8041E-21	2.15998E-16	9.37316E-14	3.42305E-15	-2.66748E-15
39.2222	3.21152E-14	7.11125E-21	4.95311E-21	2.1404E-16	9.09816E-14	3.37415E-15	-2.69352E-15
39.3889	3.39063E-14	7.27817E-21	5.0873E-21	2.12112E-16	8.79432E-14	3.33847E-15	-2.71778E-15
39.5556	3.56484E-14	7.61837E-21	5.07892E-21	2.10074E-16	8.463E-14	3.31404E-15	-2.74119E-15
39.7222	3.73364E-14	7.69917E-21	5.26785E-21	2.07825E-16	8.10572E-14	3.29928E-15	-2.76465E-15
39.8889	3.8966E-14	7.92307E-21	5.35228E-21	2.04556E-16	7.72418E-14	3.29307E-15	-2.78917E-15
40.0556	4.05336E-14	0	0	2.02406E-16	7.32027E-14	3.2953E-15	-2.81652E-15
40.2222	4.20349E-14	8.41107E-21	5.47172E-21	1.99243E-16	6.89612E-14	3.30401E-15	-2.84534E-15
40.3889	4.34686E-14	8.68065E-21	5.50708E-21	1.95375E-16	6.45405E-14	3.32119E-15	-2.87941E-15
40.5556	4.48325E-14	8.9869E-21	5.47865E-21	1.91171E-16	5.99666E-14	3.347E-15	-2.91969E-15
40.7222	4.61256E-14	9.38498E-21	5.63099E-21	1.86467E-16	5.5268E-14	3.38276E-15	-2.96808E-15
40.8889	4.73473E-14	1.267E-20	0	1.8125E-16	5.04758E-14	3.43046E-15	-3.02709E-15
41.0556	4.84977E-14	9.85425E-21	5.3939E-21	1.75517E-16	4.56241E-14	3.49297E-15	-3.09992E-15
41.2222	4.95775E-14	1.01806E-20	5.3024E-21	1.69231E-16	4.07495E-14	3.57432E-15	-3.19092E-15
41.3889	5.0588E-14	1.34961E-20	0	1.62427E-16	3.58922E-14	3.68018E-15	-3.306E-15
41.5556	5.15309E-14	0	0	1.55075E-16	3.10954E-14	3.81902E-15	-3.45358E-15
41.7222	5.24084E-14	1.10868E-20	5.00874E-21	1.47174E-16	2.64065E-14	4.00242E-15	-3.64562E-15
41.8889	5.3223E-14	1.14103E-20	4.87373E-21	1.38707E-16	2.18785E-14	4.24942E-15	-3.9009E-15
42.0556	5.39777E-14	0	0	1.29645E-16	1.75721E-14	4.58939E-15	-4.24873E-15
42.2222	5.46756E-14	1.20412E-20	4.64956E-21	1.19934E-16	1.35604E-14	5.07141E-15	-4.73808E-15
42.3889	5.53204E-14	1.275E-20	4.78126E-21	1.09433E-16	9.9353E-15	5.78184E-15	-5.45492E-15
42.5556	5.5916E-14	1.26564E-20	4.5112E-21	9.7859E-17	6.81724E-15	6.87887E-15	-6.55682E-15
42.7222	5.64663E-14	1.2931E-20	4.54861E-21	8.44373E-17	4.36166E-15	8.65362E-15	-8.3339E-15
42.8889	5.6975E-14	0	0	6.83294E-17	2.74001E-15	1.15447E-14	-1.12293E-14
43.0556	5.74416E-14	1.32554E-20	5.09823E-21	4.67063E-17	1.99316E-15	1.55295E-14	-1.52024E-14
43.2222	5.64514E-14	0	0	0	1.79599E-15	1.77805E-14	-1.56338E-14
43.3889	5.83145E-14	1.34449E-20	5.39316E-21	3.21991E-17	1.77006E-15	1.77866E-14	-1.74512E-14
43.5556	5.87374E-14	1.35909E-20	5.4211E-21	3.3198E-17	1.79042E-15	1.77594E-14	-1.7422E-14
43.7222	5.91552E-14	1.37349E-20	5.52465E-21	3.12608E-17	1.82307E-15	1.77217E-14	-1.73877E-14
43.8889	5.95677E-14	1.38766E-20	5.55066E-21	3.19848E-17	1.85991E-15	1.76729E-14	-1.73331E-14
44.0556	5.9975E-14	1.40162E-20	5.65295E-21	3.25025E-17	1.89868E-15	1.76133E-14	-1.72704E-14
44.2222	6.03768E-14	1.42316E-20	5.67709E-21	0	1.93836E-15	1.75448E-14	-9.9351E-15
44.3889	6.07753E-14	0	0	3.53172E-17	1.97832E-15	1.74637E-14	-1.71193E-14
44.5556	6.1164E-14	1.53346E-20	6.13384E-21	3.40032E-17	2.01814E-15	1.7388E-14	-1.70388E-14
44.7222	6.15492E-14	1.47939E-20	5.9018E-21	3.45227E-17	2.05755E-15	1.73027E-14	-1.69512E-14
44.8889	6.1932E-14	0	0	4.08008E-17	2.09641E-15	1.72337E-14	-1.68606E-14
45.0556	6.23028E-14	0	0	3.55701E-17	2.13461E-15	1.71238E-14	-1.67673E-14
45.2222	6.26711E-14	1.48123E-20	6.34814E-21	3.60216E-17	2.17212E-15	1.7032E-14	-1.66738E-14
45.3889	6.30341E-14	1.57885E-20	6.05226E-21	3.65041E-17	2.20892E-15	1.69392E-14	-1.65789E-14
45.5556	6.33914E-14	1.51464E-20	5.67988E-21	3.69794E-17	2.24501E-15	1.6846E-14	-1.64835E-14
45.7222	6.37433E-14	1.61441E-20	6.18457E-21	3.74532E-17	2.28041E-15	1.67527E-14	-1.63881E-14
45.8889	6.40898E-14	1.25346E-20	0	3.79175E-17	2.31513E-15	1.66596E-14	-1.62929E-14
46.0556	6.4431E-14	1.66481E-20	6.22283E-21	3.83785E-17	2.34919E-15	1.6567E-14	-1.61982E-14
46.2222	6.4767E-14	1.68599E-20	6.32248E-21	3.88499E-17	2.38262E-15	1.6475E-14	-1.61042E-14
46.3889	6.50977E-14	1.73749E-20	5.79163E-21	3.93159E-17	2.41544E-15	1.63838E-14	-1.60109E-14
46.5556	6.54235E-14	1.72059E-20	6.25669E-21	3.9786E-17	2.44766E-15	1.62935E-14	-1.59186E-14
46.7222	6.57442E-14	1.76593E-20	6.37698E-21	4.02561E-17	2.47931E-15	1.62041E-14	-1.58273E-14
46.7778	6.58712E-14	0	0	4.06745E-17	2.49181E-15	1.61676E-14	-1.57908E-14
46.9444	4.10377E-13	0	0	0	2.17565E-15	1.89257E-16	-8.57624E-15
47.0278	3.96872E-12	5.38141E-12	4.62233E-13	2.72999E-14	1.08314E-15	2.72287E-12	-6.45092E-15
47.1944	9.82138E-13	2.21039E-12	4.66409E-13	4.97193E-14	8.11207E-16	6.04825E-13	-1.18644E-14
47.3611	2.65757E-12	1.09228E-12	3.76253E-13	5.92105E-14	7.89016E-16	3.2564E-13	-1.28326E-14
47.5278	1.15031E-12	9.2124E-13	3.6318E-13	6.19409E-14	7.8986E-16	2.6163E-13	-1.30346E-14
47.6944	8.60066E-13	8.50668E-13	3.64877E-13	6.35512E-14	7.93413E-16	2.40996E-13	-1.31142E-14
47.8611	8.00563E-13	7.97714E-13	3.65782E-13	6.50164E-14	7.9674E-16	2.30815E-13	-1.31707E-14
48.0278	7.85708E-13	7.51946E-13	3.64013E-13	6.64351E-14	7.99642E-16	2.2369E-13	-1.32161E-14
48.1944	7.79778E-13	7.12177E-13	3.60476E-13	6.77891E-14	8.02276E-16	2.17839E-13	-1.32555E-14
48.3611	7.75838E-13	6.77927E-13	3.56166E-13	6.90623E-14	8.0478E-16	2.12794E-13	-1.32889E-14
48.5278	7.72509E-13	6.48554E-13	3.51723E-13	7.02504E-14	8.07238E-16	2.08367E-13	-1.33156E-14
48.6944	7.69492E-13	6.23344E-13	3.47486E-13	7.13555E-14	8.097E-16	2.04457E-13	-1.33375E-14
48.8611	7.66705E-13	6.0164E-13	3.43608E-13	7.23823E-14	8.12195E-16	2.00985E-13	-1.33549E-14
48.9444	7.65385E-13	5.91921E-13	3.41821E-13	7.28684E-14	8.1346E-16	1.99392E-13	-1.3362E-14
49.1111	0	0	0	0	1.61788E-15	1.53716E-16	-8.73929E-15
49.1944	7.91975E-16	1.46943E-19	2.05766E-20	0	1.76906E-15	1.27857E-14	-1.21009E-14
49.3611	1.09932E-15	8.90538E-20	0	7.48279E-17	1.81311E-15	1.42159E-14	-1.39387E-14
49.5278	1.41917E-15	7.35399E-20	0	6.11399E-17	1.85284E-15	1.49496E-14	-1.46577E-14
49.6944	1.74549E-15	3.56113E-20	0	5.26043E-17	1.89088E-15	1.55075E-14	-1.52088E-14
49.8611	2.08347E-15	2.53309E-20	3.14182E-21	0	1.92769E-15	1.59339E-14	-1.56432E-14
50.0278	2.41277E-15	0	0	4.3336E-17	1.96317E-15	1.625E-14	-1.59372E-14
50.1944	2.74419E-15	0	0	4.08802E-17	1.99792E-15	1.64762E-14	-1.61557E-14
50.3611	3.08201E-15	1.61582E-20	3.24337E-21	4.00121E-17	2.03177E-15	1.66297E-14	-1.63008E-14
50.5278	3.426E-15	1.90156E-20	0	3.82565E-17	2.06476E-15	1.67247E-14	-1.63882E-14
50.6944	3.77625E-15	0	0	3.76669E-17	2.09693E-15	1.67744E-14	-1.64307E-14
50.8611	4.13255E-15	1.37308E-20	3.33938E-21	3.73863E-17	2.12834E-15	1.67895E-14	-1.64389E-14
51.0278	4.49477E-15	1.34345E-20	3.37444E-21	3.73346E-17	2.15905E-15	1.67784E-14	-1.64214E-14
51.1944	4.86265E-15	1.33051E-20	3.40662E-21	3.74517E-17	2.1891E-15	1.67479E-14	-1.63847E-14
51.3611	5.23591E-15	1.32466E-20	3.45846E-21	3.7695E-17	2.21855E-15	1.6703E-14	-1.6334E-14
51.5278	5.61432E-15	1.58654E-20	0	3.80339E-17	2.24744E-15	1.66477E-14	-1.62732E-14
51.6944	5.99763E-15	1.29799E-20	3.89396E-21	3.84455E-17	2.27579E-15	1.65849E-14	-1.62052E-14
51.8611	6.38558E-15	1.36819E-20	3.73144E-21	3.8913E-17	2.30363E-15	1.65168E-14	-1.61321E-14
52.0278	6.77795E-15	1.36085E-20	3.61511E-21	3.9422E-17	2.33099E-15	1.64451E-14	-1.60556E-14
52.1944	7.17452E-15	1.37977E-20	3.64204E-21	3.99659E-17	2.35788E-15	1.6371E-14	-1.59769E-14
52.3611	7.57509E-15	1.46256E-20	3.98879E-21	4.05366E-17	2.38431E-15	1.62955E-14	-1.58969E-14
52.5278	7.97951E-15	0	0	4.11283E-17	2.41032E-15	1.62193E-14	-1.58162E-14
52.6944	8.38748E-15	0	0	4.17373E-17	2.43589E-15	1.6142E-14	-1.57353E-14
52.8611	8.79895E-15	1.45127E-20	3.87007E-21	4.2361E-17	2.46105E-15	1.60656E-14	-1.56548E-14
53.0278	9.2166E-15	1.48439E-20	3.69299E-21	0	2.49533E-15	1.49754E-14	0
53.1944	1.09099E-14	0	0	0	2.95311E-15	7.48958E-15	-8.98173E-15
53.3611	1.0313E-14	0	0	9.21491E-17	4.78233E-15	8.67524E-15	-7.65407E-15
53.5278	1.12242E-14	0	0	1.16732E-16	7.51134E-15	7.4415E-15	-5.72685E-15
53.6944	1.22236E-14	1.6199E-20	2.53809E-21	1.31187E-16	1.07492E-14	6.66476E-15	-4.56394E-15
53.8611	0	0	0	0	1.48607E-14	2.36237E-16	-1.90416E-15
54.0278	1.42693E-14	1.64547E-20	3.29093E-21	1.69685E-16	1.97595E-14	5.2289E-15	-3.3807E-15
54.1944	1.53732E-14	0	0	1.91235E-16	2.52982E-14	4.66353E-15	-3.06114E-15
54.3611	1.6573E-14	1.7651E-20	3.41101E-21	2.13396E-16	3.13821E-14	4.22433E-15	-2.83131E-15
54.5278	1.78803E-14	1.8027E-20	3.80761E-21	2.36108E-16	3.79519E-14	3.88492E-15	-2.66135E-15
54.6944	1.92996E-14	1.80472E-20	4.51179E-21	2.59343E-16	4.49676E-14	3.62138E-15	-2.53352E-15
54.8611	2.08336E-14	1.87351E-20	4.70177E-21	2.83208E-16	5.23988E-14	3.41627E-15	-2.43664E-15
55.0278	2.24846E-14	1.89459E-20	5.05224E-21	3.07616E-16	6.02179E-14	3.2571E-15	-2.3633E-15
55.1944	2.42556E-14	1.97192E-20	5.37797E-21	3.32663E-16	6.83965E-14	3.13457E-15	-2.30824E-15
55.3611	2.61492E-14	1.98383E-20	6.33323E-21	3.58296E-16	7.69039E-14	3.04166E-15	-2.26777E-15
55.5278	2.81684E-14	2.01864E-20	6.914E-21	3.84484E-16	8.57065E-14	2.97292E-15	-2.2392E-15
55.6944	3.0316E-14	2.10276E-20	7.64638E-21	4.11076E-16	9.47677E-14	2.92409E-15	-2.22035E-15
55.8611	3.25948E-14	2.78893E-20	0	4.38092E-16	1.04047E-13	2.89179E-15	-2.20973E-15
56.0278	3.50073E-14	2.1469E-20	8.7218E-21	4.65404E-16	1.13503E-13	2.87309E-15	-2.20606E-15
56.1944	3.7556E-14	2.16737E-20	9.5926E-21	4.92914E-16	1.23089E-13	2.86596E-15	-2.20833E-15
56.3611	4.02429E-14	2.14757E-20	8.59029E-21	5.20507E-16	1.32757E-13	2.86846E-15	-2.21571E-15
56.5278	4.30699E-14	2.26012E-20	1.13006E-20	5.48077E-16	1.42459E-13	2.87911E-15	-2.22752E-15
56.6944	4.60381E-14	2.28178E-20	1.17769E-20	5.75501E-16	1.52142E-13	2.89661E-15	-2.24317E-15
56.8611	4.91486E-14	2.3234E-20	1.27787E-20	6.02661E-16	1.61757E-13	2.91989E-15	-2.26217E-15
57.0278	5.24016E-14	2.38254E-20	1.344E-20	6.29435E-16	1.71251E-13	2.94805E-15	-2.28409E-15
57.1944	5.57969E-14	2.39723E-20	1.41375E-20	6.55704E-16	1.80574E-13	2.98033E-15	-2.30853E-15
57.3611	5.93339E-14	2.41254E-20	1.5465E-20	6.81354E-16	1.89675E-13	3.01606E-15	-2.33517E-15
57.5278	6.30109E-14	2.46668E-20	1.60871E-20	7.06274E-16	1.98507E-13	3.05468E-15	-2.3637E-15
57.6944	6.68256E-14	2.51377E-20	1.69209E-20	7.30363E-16	2.07024E-13	3.0957E-15	-2.39385E-15
57.8611	7.07748E-14	2.53996E-20	1.75378E-20	7.53518E-16	2.15183E-13	3.13869E-15	-2.42535E-15
58.0278	7.48546E-14	2.56382E-20	1.8646E-20	7.75658E-16	2.22944E-13	3.18329E-15	-2.45798E-15
58.1944	7.90604E-14	2.68546E-20	1.91819E-20	7.96705E-16	2.30271E-13	3.22916E-15	-2.49153E-15
58.3611	8.33829E-14	0	0	8.16591E-16	2.37133E-13	3.26047E-15	-2.52599E-15
58.5278	8.78258E-14	2.71842E-20	2.17474E-20	8.35258E-16	2.43499E-13	3.32354E-15	-2.56054E-15
58.6944	9.2371E-14	2.76141E-20	2.24365E-20	8.52663E-16	2.49346E-13	3.37155E-15	-2.59564E-15
58.8611	9.70139E-14	2.80188E-20	2.35158E-20	8.68773E-16	2.54652E-13	3.41978E-15	-2.63091E-15
59.0278	1.01745E-13	2.8106E-20	2.45927E-20	8.83562E-16	2.59401E-13	3.46803E-15	-2.66617E-15
59.0833	1.0366E-13	0	0	8.89104E-16	2.61141E-13	3.48597E-15	-2.67913E-15
59.25	6.53603E-13	2.28334E-19	2.65183E-19	9.4749E-15	2.14144E-13	4.67749E-15	-1.85603E-15
59.3333	3.52041E-12	7.43986E-12	3.07723E-13	3.08682E-13	3.13439E-14	2.93342E-12	-1.72437E-15
59.5	5.7445E-12	2.67005E-12	4.79982E-14	3.38517E-13	2.44232E-14	7.42252E-13	-2.53482E-15
59.6667	7.49678E-12	9.35376E-13	2.27619E-14	3.83985E-13	2.36988E-14	4.09823E-13	-2.68036E-15
59.8333	6.24663E-12	4.98765E-13	1.48113E-14	4.19021E-13	2.33409E-14	3.05754E-13	-2.76262E-15
60	5.99178E-12	2.90497E-13	9.39164E-15	4.52047E-13	2.29608E-14	2.42412E-13	-2.83196E-15
60.1667	5.8972E-12	1.77809E-13	6.11276E-15	4.83019E-13	2.25119E-14	1.98065E-13	-2.89346E-15
60.3333	5.82764E-12	1.14289E-13	4.27462E-15	5.10738E-13	2.19912E-14	1.66485E-13	-2.95288E-15
60.5	5.75568E-12	7.7074E-14	3.18816E-15	5.34331E-13	2.14038E-14	1.43492E-13	-3.01291E-15
60.6389	5.7002E-12	6.00711E-14	2.67143E-15	5.48177E-13	2.09567E-14	1.30953E-13	-3.05482E-15
60.8056	1.41062E-14	1.85909E-19	1.97544E-20	0	1.26747E-13	2.77999E-15	0
60.8889	9.04721E-15	1.0474E-19	1.04916E-20	0	1.49947E-13	2.78396E-15	-1.18007E-15
61.0556	1.29378E-14	0	0	1.03433E-15	1.50701E-13	2.08897E-15	-2.23282E-15
61.2222	1.63785E-14	3.85876E-20	1.13007E-20	8.39739E-16	1.51547E-13	3.4574E-15	-2.39127E-15
61.3889	1.99462E-14	0	0	7.16326E-16	1.51747E-13	2.80799E-15	-3.31097E-15
61.5556	2.36946E-14	2.26099E-20	1.20568E-20	6.36776E-16	1.51362E-13	3.79354E-15	-2.72615E-15
61.7222	2.73351E-14	0	0	5.83063E-16	1.50453E-13	3.88787E-15	-2.85574E-15
61.8889	3.09574E-14	0	0	5.45941E-16	1.4906E-13	3.95E-15	-2.96404E-15
62.0556	3.45525E-14	0	0	5.19793E-16	1.47215E-13	3.9887E-15	-3.05678E-15
62.2222	3.81126E-14	1.51129E-20	1.36016E-20	5.01003E-16	1.44941E-13	4.01659E-15	-3.13333E-15
62.3889	4.1627E-14	0	0	4.87101E-16	1.42261E-13	4.03694E-15	-3.19918E-15
62.5556	4.50846E-14	0	0	4.76476E-16	1.39193E-13	4.05348E-15	-3.25581E-15
62.7222	4.84744E-14	0	0	4.67951E-16	1.35755E-13	4.0698E-15	-3.3055E-15
62.8889	5.17854E-14	1.44874E-20	1.50446E-20	4.61041E-16	1.31964E-13	4.08559E-15	-3.34958E-15
63.0556	5.50075E-14	1.39333E-20	1.39333E-20	4.54156E-16	1.27837E-13	4.10218E-15	-3.38998E-15
63.2222	5.81313E-14	1.49039E-20	1.5587E-20	4.47879E-16	1.23392E-13	4.11994E-15	-3.42756E-15
63.3889	6.11479E-14	1.51764E-20	1.58278E-20	4.41568E-16	1.18647E-13	4.13919E-15	-3.46358E-15
63.5556	6.40499E-14	1.5449E-20	1.59935E-20	4.35006E-16	1.1362E-13	4.16026E-15	-3.49912E-15
63.7222	6.68307E-14	1.58019E-20	1.60853E-20	4.2791E-16	1.08332E-13	4.18358E-15	-3.5355E-15
63.8889	6.9485E-14	1.60966E-20	1.60966E-20	4.20512E-16	1.02804E-13	4.20978E-15	-3.57313E-15
64.0556	7.20079E-14	1.78445E-20	1.78445E-20	4.12368E-16	9.70585E-14	4.23961E-15	-3.61396E-15
64.2222	7.43962E-14	1.68804E-20	1.60953E-20	4.03529E-16	9.11202E-14	4.2742E-15	-3.65918E-15
64.3889	7.66474E-14	1.72921E-20	1.59993E-20	3.93954E-16	8.50157E-14	4.31489E-15	-3.71046E-15
64.5556	7.876E-14	1.76714E-20	1.58462E-20	3.83571E-16	7.87734E-14	4.36358E-15	-3.76986E-15
64.7222	8.07337E-14	1.84311E-20	1.57981E-20	3.72379E-16	7.24241E-14	4.42261E-15	-3.83987E-15
64.8889	8.2569E-14	1.84921E-20	1.51899E-20	3.60344E-16	6.6001E-14	4.49511E-15	-3.92374E-15
65.0556	8.42668E-14	1.92254E-20	1.4856E-20	3.47438E-16	5.95398E-14	4.58524E-15	-4.02566E-15
65.2222	8.58296E-14	1.94282E-20	1.48197E-20	3.33634E-16	5.30793E-14	4.69859E-15	-4.15125E-15
65.3889	8.72598E-14	1.98584E-20	1.44341E-20	3.18925E-16	4.6662E-14	4.8429E-15	-4.30819E-15
65.5556	8.85611E-14	2.02728E-20	1.40135E-20	3.03185E-16	4.03346E-14	5.02914E-15	-4.50741E-15
65.7222	8.97371E-14	2.09982E-20	1.32989E-20	2.86494E-16	3.41506E-14	5.27337E-15	-4.76489E-15
65.8889	9.07923E-14	2.11346E-20	1.3324E-20	2.6865E-16	2.81723E-14	5.59997E-15	-5.1048E-15
66.0556	9.17315E-14	2.15715E-20	1.26891E-20	2.49551E-16	2.24765E-14	6.04757E-15	-5.56552E-15
66.2222	9.25597E-14	2.18941E-20	1.21854E-20	2.20054E-16	1.71622E-14	6.6802E-15	-6.21166E-15
66.3889	9.32819E-14	2.20605E-20	1.19494E-20	2.06658E-16	1.23619E-14	7.60932E-15	-7.15123E-15
66.5556	9.39043E-14	2.27117E-20	1.16128E-20	1.82028E-16	8.25432E-15	9.03601E-15	-8.58706E-15
66.7222	9.44323E-14	1.83471E-20	1.83471E-20	1.53933E-16	5.06748E-15	1.13171E-14	-1.08734E-14
66.8889	9.48707E-14	2.32425E-20	1.19502E-20	1.19716E-16	3.03099E-15	1.49358E-14	-1.44914E-14
67.0556	9.52222E-14	2.33877E-20	1.2611E-20	8.0538E-17	2.15455E-15	1.95943E-14	-1.91439E-14
67.2222	9.55165E-14	2.34451E-20	1.31292E-20	5.572E-17	1.94514E-15	2.18794E-14	-2.14239E-14
67.3889	9.5789E-14	2.35118E-20	1.3049E-20	0	1.91577E-15	2.19421E-14	0
67.5556	9.60488E-14	0	0	5.25517E-17	1.92969E-15	2.19337E-14	-2.14842E-14
67.7222	9.63073E-14	2.37291E-20	1.33403E-20	6.54115E-17	1.95451E-15	2.19245E-14	-2.148E-14
67.8889	9.65604E-14	2.38913E-20	1.33649E-20	5.33143E-17	1.98324E-15	2.18918E-14	-2.14322E-14
68.0556	9.68094E-14	2.46593E-20	1.47956E-20	5.38611E-17	2.01402E-15	2.18441E-14	-2.13825E-14
68.2222	9.70539E-14	2.43241E-20	1.35266E-20	0	2.046E-15	2.17836E-14	-1.30063E-14
68.3889	9.5507E-14	0	0	0	2.07859E-15	2.40628E-14	-2.27947E-14
68.5556	9.75312E-14	2.47471E-20	1.36823E-20	0	2.1114E-15	2.16339E-14	0
68.7222	9.7761E-14	2.48957E-20	1.38177E-20	5.64173E-17	2.14414E-15	2.15484E-14	-2.10794E-14
68.8889	9.60097E-14	0	0	0	2.17663E-15	1.39093E-14	-1.76124E-14
69.0556	9.8211E-14	2.52587E-20	1.37775E-20	5.77011E-17	2.20873E-15	2.13636E-14	-2.08912E-14
69.2222	9.84296E-14	2.5419E-20	1.38147E-20	5.83199E-17	2.24036E-15	2.12664E-14	-2.07923E-14
69.3889	9.8644E-14	2.57599E-20	1.4168E-20	5.8926E-17	2.27149E-15	2.11669E-14	-2.06911E-14
69.5556	9.88551E-14	2.60983E-20	1.41266E-20	0	2.30209E-15	2.10658E-14	0
69.7222	9.90606E-14	3.21582E-20	0	6.01007E-17	2.33214E-15	2.09634E-14	-2.04845E-14
69.8889	9.92629E-14	3.14447E-20	1.57223E-20	6.06794E-17	2.36165E-15	2.08605E-14	-2.03799E-14
70.0556	9.94614E-14	2.68816E-20	1.42809E-20	6.12435E-17	2.39062E-15	2.0757E-14	-2.0275E-14
70.2222	9.96558E-14	2.71416E-20	1.42914E-20	6.20598E-17	2.41907E-15	2.06534E-14	-2.01732E-14
70.3889	9.98464E-14	2.68704E-20	1.51146E-20	6.23803E-17	2.447E-15	2.055E-14	-2.0065E-14
70.5556	1.00033E-13	2.78196E-20	1.43735E-20	6.29456E-17	2.47442E-15	2.04469E-14	-1.99604E-14
70.7222	1.00217E-13	4.15283E-20	0	6.35125E-17	2.50134E-15	2.03441E-14	-1.98563E-14
70.7778	1.00289E-13	2.79036E-20	1.45099E-20	6.374E-17	2.51198E-15	2.03032E-14	-1.98147E-14
70.9444	6.01152E-13	0	0	6.72242E-16	2.21925E-15	1.43614E-14	-1.82458E-14
71.0278	2.39635E-12	3.11428E-12	4.29022E-13	4.32948E-14	1.21678E-15	1.63503E-12	-1.0319E-14
71.1944	2.46E-12	1.18984E-12	4.495E-13	7.12799E-14	9.656E-16	4.81152E-13	-1.53803E-14
71.3611	1.73398E-12	7.91777E-13	3.66359E-13	7.83332E-14	9.52275E-16	2.92511E-13	-1.60036E-14
71.5278	9.67622E-13	7.21303E-13	3.6946E-13	8.02325E-14	9.54281E-16	2.46499E-13	-1.61225E-14
71.6944	8.70567E-13	6.80506E-13	3.79853E-13	8.17685E-14	9.57159E-16	2.29923E-13	-1.61828E-14
71.8611	8.53301E-13	6.45471E-13	3.84438E-13	8.33205E-14	9.59584E-16	2.21321E-13	-1.62306E-14
72.0278	8.46733E-13	6.14209E-13	3.84079E-13	8.4851E-14	9.61606E-16	2.15354E-13	-1.62711E-14
72.1944	8.42022E-13	5.86486E-13	3.81063E-13	8.63236E-14	9.6337E-16	2.10492E-13	-1.63051E-14
72.3611	8.37864E-13	5.62013E-13	3.76929E-13	8.77222E-14	9.64983E-16	2.06251E-13	-1.63334E-14
72.5278	8.34001E-13	5.40419E-13	3.72505E-13	8.90431E-14	9.66518E-16	2.02443E-13	-1.63558E-14
72.6944	8.30358E-13	5.21327E-13	3.68178E-13	9.02876E-14	9.6802E-16	1.9898E-13	-1.63741E-14
72.8611	8.26899E-13	5.04393E-13	3.64114E-13	9.14592E-14	9.6952E-16	1.95805E-13	-1.63877E-14
72.9444	8.25231E-13	4.96642E-13	3.62199E-13	9.20191E-14	9.70276E-16	1.94313E-13	-1.6393E-14
73.1111	0	0	0	0	1.83115E-15	1.91967E-16	-1.08579E-14
73.1944	0	0	0	0	1.98226E-15	1.96605E-16	-1.15739E-14
73.3611	1.70854E-15	0	0	1.20191E-16	2.0187E-15	1.72303E-14	-1.69849E-14
73.5278	2.22469E-15	7.0992E-20	6.90536E-21	0	2.05268E-15	1.81665E-14	-1.77315E-14
73.6944	2.75564E-15	0	0	8.46842E-17	2.08508E-15	1.88023E-14	-1.84451E-14
73.8611	3.29119E-15	0	0	7.60874E-17	2.11619E-15	1.92667E-14	-1.89073E-14
74.0278	3.83357E-15	3.25583E-20	7.12939E-21	7.04946E-17	2.14635E-15	1.95957E-14	-1.92321E-14
74.1944	4.39461E-15	0	0	6.68923E-17	2.17569E-15	1.96411E-14	-1.9445E-14
74.3611	0	0	0	0	2.20424E-15	2.10946E-16	-1.04579E-14
74.5278	5.50004E-15	2.44221E-20	7.33927E-21	6.32032E-17	2.23204E-15	2.00209E-14	-1.96453E-14
74.6944	6.06888E-15	0	0	6.24057E-17	2.25913E-15	2.00428E-14	-1.96633E-14
74.8611	6.6439E-15	2.27518E-20	7.46048E-21	6.22131E-17	2.28556E-15	2.00293E-14	-1.96462E-14
75.0278	7.22478E-15	2.24059E-20	7.53161E-21	6.12872E-17	2.31136E-15	1.999E-14	-1.96023E-14
75.1944	7.8111E-15	2.22664E-20	8.09686E-21	6.22354E-17	2.33659E-15	1.99323E-14	-1.95421E-14
75.3611	8.40243E-15	2.21516E-20	7.65493E-21	6.21429E-17	2.36127E-15	1.98617E-14	-1.94681E-14
75.5278	8.99838E-15	2.21867E-20	7.70966E-21	6.30638E-17	2.38545E-15	1.97821E-14	-1.93854E-14
75.6944	9.59858E-15	2.31282E-20	7.70941E-21	6.36208E-17	2.40914E-15	1.96965E-14	-1.92966E-14
75.8611	1.02027E-14	2.24506E-20	7.83848E-21	6.42398E-17	2.43237E-15	1.9607E-14	-1.9204E-14
76.0278	1.08104E-14	2.26598E-20	7.91439E-21	6.49057E-17	2.45515E-15	1.9515E-14	-1.91089E-14
76.1944	1.14214E-14	2.28644E-20	7.95814E-21	6.56037E-17	2.47752E-15	1.94216E-14	-1.90126E-14
76.3611	1.20355E-14	2.30956E-20	8.03055E-21	6.63318E-17	2.49947E-15	1.93276E-14	-1.89157E-14
76.5278	1.26524E-14	2.33237E-20	8.10159E-21	6.70797E-17	2.52102E-15	1.92335E-14	-1.88187E-14
76.6944	1.32718E-14	2.34487E-20	8.22226E-21	6.78448E-17	2.54219E-15	1.91397E-14	-1.87222E-14
76.8611	1.38935E-14	2.36906E-20	8.08949E-21	6.86242E-17	2.56298E-15	1.90465E-14	-1.86262E-14
77.0278	1.45167E-14	0	0	6.97151E-17	2.59213E-15	1.79788E-14	-1.75596E-14
77.1944	1.51912E-14	2.4461E-20	6.79153E-21	9.51452E-17	3.07013E-15	1.38368E-14	-1.33905E-14
77.3611	1.6223E-14	2.46089E-20	5.59292E-21	1.54976E-16	5.14751E-15	1.03036E-14	-9.67741E-15
77.5278	1.76773E-14	2.51377E-20	5.29215E-21	1.93499E-16	8.30418E-15	8.11068E-15	-7.22511E-15
77.6944	1.92679E-14	2.6113E-20	5.93478E-21	2.17218E-16	1.21761E-14	6.77026E-15	-5.7315E-15
77.8611	2.08815E-14	2.57502E-20	5.59787E-21	2.48472E-16	1.71723E-14	5.85365E-15	-4.81311E-15
78.0278	2.25471E-14	2.6572E-20	5.90488E-21	2.831E-16	2.30903E-14	5.19408E-15	-4.22251E-15
78.1944	2.43292E-14	0	0	3.18481E-16	2.97114E-14	4.71619E-15	-3.8199E-15
78.3611	2.62675E-14	2.75885E-20	7.83041E-21	3.54035E-16	3.68999E-14	4.36727E-15	-3.53255E-15
78.5278	2.83756E-14	2.80428E-20	8.72515E-21	3.9748E-16	4.45713E-14	4.10923E-15	-3.31908E-15
78.6944	3.06558E-14	2.85905E-20	1.03965E-20	4.25694E-16	5.2671E-14	3.91733E-15	-3.16436E-15
78.8611	3.31088E-14	2.94095E-20	1.13113E-20	4.62089E-16	6.11597E-14	3.77508E-15	-3.04654E-15
79.0278	3.57352E-14	2.94076E-20	1.20055E-20	4.9901E-16	7.00037E-14	3.67116E-15	-2.95855E-15
79.1944	3.85362E-14	2.98664E-20	1.326E-20	5.36486E-16	7.91711E-14	3.5975E-15	-2.89382E-15
79.3611	4.15137E-14	3.93172E-20	1.96586E-20	5.74537E-16	8.86283E-14	3.54815E-15	-2.84752E-15
79.5278	4.46695E-14	3.07316E-20	1.62697E-20	6.13123E-16	9.83398E-14	3.51874E-15	-2.81624E-15
79.6944	4.80058E-14	3.14352E-20	1.7464E-20	6.52177E-16	1.08267E-13	3.50572E-15	-2.79735E-15
79.8611	5.15246E-14	3.18941E-20	1.87419E-20	6.91611E-16	1.18369E-13	3.50642E-15	-2.78882E-15
80.0278	5.52278E-14	3.19047E-20	2.02322E-20	7.31312E-16	1.28602E-13	3.51865E-15	-2.78908E-15
80.1944	5.91174E-14	3.27522E-20	2.21299E-20	7.71152E-16	1.38918E-13	3.54064E-15	-2.79684E-15
80.3611	6.31948E-14	2.95617E-20	2.95617E-20	8.10993E-16	1.4927E-13	3.57093E-15	-2.81106E-15
80.5278	6.7461E-14	3.40171E-20	2.47397E-20	8.50679E-16	1.59607E-13	3.60832E-15	-2.83088E-15
80.6944	7.19147E-14	0	0	8.90053E-16	1.69877E-13	3.62202E-15	-2.86208E-15
80.8611	7.65621E-14	3.45074E-20	2.83728E-20	9.28948E-16	1.80028E-13	3.70034E-15	-2.88447E-15
81.0278	8.13965E-14	3.54554E-20	3.01037E-20	9.67197E-16	1.90007E-13	3.75333E-15	-2.91708E-15
81.1944	8.64185E-14	3.57405E-20	3.23687E-20	1.00463E-15	1.99762E-13	3.81006E-15	-2.95288E-15
81.3611	9.16257E-14	3.61497E-20	3.35676E-20	1.04109E-15	2.09244E-13	3.86994E-15	-2.99146E-15
81.5278	9.70153E-14	3.61696E-20	3.61696E-20	1.07641E-15	2.18403E-13	3.93246E-15	-3.03242E-15
81.6944	1.02583E-13	3.7067E-20	3.76554E-20	1.11044E-15	2.27194E-13	3.99716E-15	-3.07541E-15
81.8611	1.08324E-13	3.80453E-20	3.92343E-20	1.14304E-15	2.35572E-13	4.06362E-15	-3.1201E-15
82.0278	1.14232E-13	0	0	1.17407E-15	2.435E-13	4.13129E-15	-3.16625E-15
82.1944	1.20299E-13	3.91417E-20	4.29917E-20	1.20344E-15	2.50939E-13	4.2004E-15	-3.21343E-15
82.3611	1.26517E-13	3.9281E-20	4.48049E-20	1.23102E-15	2.57858E-13	4.27006E-15	-3.26151E-15
82.5278	1.32876E-13	4.03332E-20	4.71588E-20	1.25674E-15	2.6423E-13	4.34016E-15	-3.31022E-15
82.6944	1.39366E-13	4.0905E-20	4.86117E-20	1.28053E-15	2.70031E-13	4.41044E-15	-3.35931E-15
82.8611	1.45972E-13	4.12356E-20	5.07516E-20	1.30232E-15	2.7524E-13	4.48061E-15	-3.40855E-15
83.0278	1.52683E-13	4.19381E-20	5.26915E-20	1.3221E-15	2.79843E-13	4.55044E-15	-3.45776E-15
83.0833	1.55393E-13	4.18845E-20	5.34833E-20	1.32944E-15	2.81511E-13	4.57821E-15	-3.47738E-15
83.25	9.68488E-13	3.57563E-19	5.34883E-19	0	2.26071E-13	6.03785E-15	-2.4339E-15
83.3333	9.20489E-12	9.28571E-12	2.37305E-13	3.66576E-13	3.40111E-14	1.75484E-12	-2.37914E-15
83.5	9.44549E-12	1.43802E-12	4.10332E-14	4.14748E-13	2.8239E-14	5.67165E-13	-3.12972E-15
83.6667	7.1756E-12	6.04434E-13	2.24608E-14	4.64058E-13	2.76225E-14	3.63201E-13	-3.26134E-15
83.8333	6.38882E-12	3.47412E-13	1.4903E-14	5.02094E-13	2.72627E-14	2.86334E-13	-3.34353E-15
84	6.23746E-12	2.13272E-13	9.75105E-15	5.37786E-13	2.68696E-14	2.35163E-13	-3.41651E-15
84.1667	6.15804E-12	1.3707E-13	6.69177E-15	5.70697E-13	2.64062E-14	1.98307E-13	-3.48533E-15
84.3333	6.08447E-12	9.21061E-14	4.90001E-15	5.99799E-13	2.58663E-14	1.71244E-13	-3.5511E-15
84.5	6.00491E-12	6.45435E-14	3.78225E-15	6.24476E-13	2.52513E-14	1.50886E-13	-3.61565E-15
84.6389	5.9442E-12	5.14792E-14	3.23022E-15	6.38994E-13	2.47788E-14	1.39481E-13	-3.66096E-15
84.8056	2.61599E-14	0	0	4.17454E-15	1.50184E-13	1.80274E-16	-1.56125E-15
84.8889	1.31898E-14	1.55283E-19	2.27784E-20	2.49157E-15	1.78039E-13	3.0795E-15	-2.15701E-15
85.0556	1.89817E-14	8.69716E-20	2.38514E-20	1.58919E-15	1.78416E-13	3.51295E-15	-2.73563E-15
85.2222	2.47412E-14	5.73666E-20	2.47964E-20	1.29068E-15	1.78824E-13	3.81256E-15	-2.99843E-15
85.3889	3.04661E-14	4.26095E-20	2.56138E-20	1.10858E-15	1.78453E-13	4.05097E-15	-3.22041E-15
85.5556	3.61488E-14	3.45013E-20	2.63786E-20	9.91461E-16	1.77406E-13	4.24441E-15	-3.40628E-15
85.7222	4.17823E-14	2.97637E-20	2.71415E-20	9.13562E-16	1.75762E-13	4.40186E-15	-3.56096E-15
85.8889	4.73575E-14	0	0	8.60402E-16	1.7358E-13	4.5299E-15	-3.68992E-15
86.0556	5.28616E-14	2.52202E-20	2.86593E-20	8.08508E-16	1.70902E-13	4.63802E-15	-3.78846E-15
86.2222	5.82815E-14	0	0	7.96362E-16	1.67761E-13	4.72794E-15	-3.88875E-15
86.3889	6.36009E-14	0	5.34415E-20	7.76245E-16	1.64186E-13	4.80568E-15	-3.96679E-15
86.5556	6.88044E-14	2.81141E-20	2.81141E-20	7.60387E-16	1.60202E-13	4.87321E-15	-4.03498E-15
86.7222	7.38763E-14	0	0	7.47105E-16	1.55832E-13	4.93374E-15	-4.09525E-15
86.8889	7.88012E-14	2.43203E-20	3.19205E-20	7.35287E-16	1.51097E-13	4.98733E-15	-4.15076E-15
87.0556	8.35661E-14	2.39624E-20	3.24509E-20	7.24107E-16	1.46018E-13	5.0371E-15	-4.20194E-15
87.2222	8.81584E-14	2.42889E-20	3.27574E-20	7.13026E-16	1.40616E-13	5.08367E-15	-4.2506E-15
87.3889	9.25672E-14	2.4671E-20	3.30571E-20	7.01664E-16	1.34913E-13	5.12812E-15	-4.29802E-15
87.5556	9.67829E-14	2.51377E-20	3.32795E-20	6.89747E-16	1.28929E-13	5.17151E-15	-4.34541E-15
87.7222	1.00798E-13	2.56108E-20	3.33364E-20	6.77088E-16	1.22687E-13	5.21494E-15	-4.39398E-15
87.8889	1.04605E-13	2.6104E-20	3.3343E-20	6.63554E-16	1.16212E-13	5.25962E-15	-4.44505E-15
88.0556	1.08199E-13	2.66306E-20	3.32032E-20	6.49044E-16	1.09527E-13	5.30694E-15	-4.50009E-15
88.2222	1.11576E-13	0	0	6.33488E-16	1.0266E-13	5.36407E-15	-4.55606E-15
88.3889	1.14736E-13	2.77405E-20	3.27842E-20	6.16833E-16	9.56368E-14	5.41654E-15	-4.6292E-15
88.5556	1.17676E-13	2.77489E-20	3.27941E-20	5.99033E-16	8.84887E-14	5.48333E-15	-4.70779E-15
88.7222	1.20396E-13	2.86756E-20	3.1694E-20	5.80053E-16	8.1247E-14	5.5621E-15	-4.79967E-15
88.8889	1.22898E-13	2.92675E-20	3.10646E-20	5.59857E-16	7.39456E-14	5.65688E-15	-4.90881E-15
89.0556	1.25186E-13	2.98152E-20	3.03383E-20	5.38406E-16	6.66213E-14	5.7729E-15	-5.04041E-15
89.2222	1.27261E-13	3.40143E-20	3.40143E-20	5.15635E-16	5.93138E-14	5.91733E-15	-5.20143E-15
89.3889	1.2913E-13	2.71289E-20	2.71289E-20	4.91504E-16	5.20667E-14	6.09966E-15	-5.4014E-15
89.5556	1.30797E-13	3.18046E-20	2.75067E-20	4.65919E-16	4.49292E-14	6.33379E-15	-5.65383E-15
89.7222	1.32268E-13	3.1904E-20	2.67716E-20	4.38695E-16	3.79581E-14	6.6395E-15	-5.97843E-15
89.8889	1.33549E-13	3.24325E-20	2.56933E-20	4.09819E-16	3.12221E-14	7.04703E-15	-6.40516E-15
90.0556	1.34647E-13	3.29567E-20	2.47175E-20	3.78857E-16	2.48075E-14	7.60391E-15	-6.98112E-15
90.2222	1.35569E-13	3.36582E-20	2.34587E-20	3.45511E-16	1.88292E-14	8.3886E-15	-7.78425E-15
90.3889	1.36321E-13	3.3734E-20	2.24893E-20	3.09262E-16	1.3443E-14	9.53632E-15	-8.94886E-15
90.5556	1.36912E-13	3.43366E-20	2.23484E-20	2.69352E-16	8.86028E-15	1.12876E-14	-1.0714E-14
90.7222	0	0	0	0	5.3448E-15	1.96692E-16	-6.89779E-15
90.8889	1.3764E-13	3.48243E-20	2.27519E-20	1.71127E-16	3.14381E-15	1.83532E-14	-1.77893E-14
91.0556	1.37789E-13	3.49895E-20	2.37025E-20	1.12723E-16	2.23022E-15	2.36469E-14	-2.30775E-14
91.2222	1.37847E-13	3.50334E-20	2.43924E-20	8.15121E-17	2.02719E-15	2.60546E-14	-2.54815E-14
91.3889	1.37874E-13	0	0	7.50365E-17	2.00137E-15	2.61132E-14	-2.55518E-14
91.5556	1.37892E-13	0	0	7.41068E-17	2.01371E-15	2.61367E-14	-2.55674E-14
91.7222	1.37909E-13	4.76195E-20	4.76195E-20	7.42858E-17	2.03512E-15	2.61393E-14	-2.55657E-14
91.8889	1.37924E-13	3.75083E-20	2.50056E-20	7.46634E-17	2.05993E-15	2.61196E-14	-2.55442E-14
92.0556	1.37937E-13	4.57278E-20	4.57278E-20	7.51609E-17	2.08669E-15	2.6081E-14	-2.55044E-14
92.2222	1.37948E-13	0	0	7.57661E-17	2.11469E-15	2.60271E-14	-2.54488E-14
92.3889	1.37957E-13	0	0	7.65907E-17	2.14341E-15	2.596E-14	-2.53814E-14
92.5556	1.37965E-13	3.60151E-20	2.51671E-20	7.70918E-17	2.17248E-15	2.58817E-14	-2.53011E-14
92.7222	1.37971E-13	3.6589E-20	2.51351E-20	7.77764E-17	2.20162E-15	2.57954E-14	-2.52136E-14
92.8889	1.37978E-13	3.6616E-20	2.5337E-20	0	2.23065E-15	2.57025E-14	0
93.0556	1.80733E-13	0	0	0	2.25943E-15	2.18759E-16	-1.30751E-14
93.2222	0	0	0	0	2.28787E-15	2.21228E-16	-1.30307E-14
93.3889	1.37982E-13	3.7362E-20	2.54518E-20	8.04243E-17	2.31591E-15	2.53945E-14	-2.48082E-14
93.5556	1.37981E-13	3.76623E-20	2.55973E-20	0	2.34352E-15	2.52854E-14	-8.27624E-15
93.7222	1.37978E-13	3.77984E-20	2.55791E-20	8.16607E-17	2.37067E-15	2.51741E-14	-2.45859E-14
93.8889	1.37975E-13	3.79727E-20	2.56572E-20	8.2276E-17	2.39735E-15	2.50613E-14	-2.44721E-14
94.0556	1.3797E-13	3.84256E-20	2.56171E-20	8.28762E-17	2.42356E-15	2.49474E-14	-2.43572E-14
94.2222	1.37964E-13	3.83115E-20	2.46288E-20	8.3472E-17	2.4493E-15	2.48326E-14	-2.42415E-14
94.3889	1.37956E-13	3.89269E-20	2.56348E-20	8.40662E-17	2.47458E-15	2.47174E-14	-2.41254E-14
94.4444	1.37954E-13	3.89749E-20	2.58209E-20	8.42614E-17	2.48249E-15	2.46808E-14	-2.40885E-14
94.6111	1.51979E-13	0	0	0	2.47748E-15	1.81204E-14	-2.13536E-14
94.7778	1.75879E-13	4.66326E-20	3.30813E-20	0	2.47372E-15	2.36472E-14	-2.31006E-14
94.9444	2.01018E-13	5.70406E-20	3.80271E-20	0	2.46824E-15	2.29139E-14	-2.2477E-14
95.1111	2.31915E-13	7.43664E-20	4.4163E-20	0	2.46057E-15	2.21402E-14	-2.15524E-14
95.2778	2.70535E-13	0	0	2.2076E-16	2.4504E-15	2.13229E-14	-2.07347E-14
95.4444	3.19893E-13	0	0	2.30832E-16	2.43736E-15	2.05589E-14	-2.00521E-14
95.6111	3.84568E-13	0	0	5.54105E-16	2.42089E-15	1.93507E-14	-1.9058E-14
95.7778	4.74402E-13	0	0	6.3874E-16	2.40014E-15	1.89487E-14	-1.86844E-14
95.9444	6.0526E-13	7.41996E-19	1.33547E-19	1.03029E-15	2.37376E-15	1.90404E-14	-1.81756E-14
96	6.65799E-13	0	0	1.63867E-15	2.36333E-15	2.52589E-16	-1.36629E-14